# step, loss_train, loss_test, metrics_test
0.000000000000000000e+00 7.949466258287429810e-02 8.282243460416793823e-02 4.289067871093750000e+03 8.004342764616012573e-02 1.635606288909912109e-01 8.133949279785156250e+00 1.540988445281982422e+00 4.552502650767564774e-03 8.367290347814559937e-02 8.953483402729034424e-02 4.299546386718750000e+03 8.797283470630645752e-02 1.470572352409362793e-01 8.133949279785156250e+00 1.540988445281982422e+00 4.552502650767564774e-03 6.727334856986999512e-02
1.000000000000000000e+03 3.637143373489379883e-01 3.745450377464294434e-01 3.116030097007751465e-01 1.198851168155670166e-01 6.842440366744995117e-01 5.065448284149169922e+00 3.109099715948104858e-02 1.045144870877265930e-01 7.468337416648864746e-01 7.372349500656127930e-01 2.750441551208496094e+00 2.210632264614105225e-01 1.574711084365844727e+00 5.065447807312011719e+00 3.109099715948104858e-02 1.045145168900489807e-01 2.290554717183113098e-02
2.000000000000000000e+03 1.208361908793449402e-01 1.353314816951751709e-01 1.968150883913040161e-01 5.792874097824096680e-02 3.586905896663665771e-01 2.565330982208251953e+00 1.148859784007072449e-02 4.154153913259506226e-02 3.725889921188354492e-01 2.709161937236785889e-01 3.367051839828491211e+00 1.087270453572273254e-01 8.288096189498901367e-01 2.565330982208251953e+00 1.148859225213527679e-02 4.154153913259506226e-02 1.344208419322967529e-02
3.000000000000000000e+03 8.115413784980773926e-02 5.201992765069007874e-02 1.227179914712905884e-01 3.068215213716030121e-02 1.788861751556396484e-01 1.413750410079956055e+00 7.269060239195823669e-03 1.540416013449430466e-02 2.718470990657806396e-01 1.063303202390670776e-01 3.802794933319091797e+00 3.170900940895080566e-01 4.168868064880371094e-01 1.413750529289245605e+00 7.269058376550674438e-03 1.540416665375232697e-02 9.456146508455276489e-03
4.000000000000000000e+03 7.320339232683181763e-02 3.123807907104492188e-02 4.537340104579925537e-01 1.448045521974563599e-01 1.362021416425704956e-01 8.883286714553833008e-01 9.191331453621387482e-03 1.097230613231658936e-02 2.502857446670532227e-01 6.258019804954528809e-02 4.073510169982910156e+00 5.549948215484619141e-01 3.431502580642700195e-01 8.883286118507385254e-01 9.191328659653663635e-03 1.097229495644569397e-02 8.387654088437557220e-03
5.000000000000000000e+03 6.049416586756706238e-02 2.055300585925579071e-02 9.124135375022888184e-01 8.371570706367492676e-02 9.612027555704116821e-02 4.590049088001251221e-01 1.106975413858890533e-02 7.311575114727020264e-03 2.177208960056304932e-01 4.621047154068946838e-02 5.130094528198242188e+00 5.465775132179260254e-01 2.376914918422698975e-01 4.590049684047698975e-01 1.106975041329860687e-02 7.311576511710882187e-03 7.380216848105192184e-03
6.000000000000000000e+03 3.238297998905181885e-02 1.599006168544292450e-02 2.977130748331546783e-02 1.961493305861949921e-02 6.997985392808914185e-02 3.295476138591766357e-01 1.311788335442543030e-02 6.099238526076078415e-03 1.424247622489929199e-01 3.973114490509033203e-02 2.494796991348266602e+00 3.174404501914978027e-01 1.892541497945785522e-01 3.295474946498870850e-01 1.311786659061908722e-02 6.099236197769641876e-03 6.118458695709705353e-03
7.000000000000000000e+03 1.599167101085186005e-02 2.021731249988079071e-02 5.662071704864501953e-02 3.582249581813812256e-02 7.192205637693405151e-02 2.009125947952270508e-01 1.227062474936246872e-02 4.963482264429330826e-03 7.025869190692901611e-02 3.557012602686882019e-02 2.037534952163696289e+00 3.184185326099395752e-01 1.626853644847869873e-01 2.009126245975494385e-01 1.227063126862049103e-02 4.963482264429330826e-03 5.381747614592313766e-03
8.000000000000000000e+03 1.032456383109092712e-02 8.288015611469745636e-03 1.479875203222036362e-02 1.169808954000473022e-02 4.696585983037948608e-02 1.300571411848068237e-01 1.367967575788497925e-02 4.387119319289922714e-03 5.314752086997032166e-02 2.073683030903339386e-02 1.322339057922363281e+00 1.932902932167053223e-01 1.340867429971694946e-01 1.300571262836456299e-01 1.367968227714300156e-02 4.387120250612497330e-03 4.508459940552711487e-03
9.000000000000000000e+03 7.681457325816154480e-03 6.562880240380764008e-03 2.835256978869438171e-02 1.183415856212377548e-02 3.759845346212387085e-02 8.301035314798355103e-02 1.267040614038705826e-02 3.747720271348953247e-03 4.316832497715950012e-02 1.791002973914146423e-02 1.015754222869873047e+00 1.598476469516754150e-01 1.116628423333168030e-01 8.301034569740295410e-02 1.267039962112903595e-02 3.747720969840884209e-03 4.012062679976224899e-03
1.000000000000000000e+04 6.709507666528224945e-03 4.349383525550365448e-03 1.045068446546792984e-02 5.902812350541353226e-03 3.207565471529960632e-02 5.605581402778625488e-02 1.206519920378923416e-02 3.301709890365600586e-03 3.895946592092514038e-02 1.511692814528942108e-02 7.147679328918457031e-01 1.104804798960685730e-01 1.014235317707061768e-01 5.605582520365715027e-02 1.206520479172468185e-02 3.301711753010749817e-03 3.676019143313169479e-03
1.100000000000000000e+04 6.207450293004512787e-03 4.405607003718614578e-03 6.742449942976236343e-03 6.783472374081611633e-03 2.882889658212661743e-02 3.836699947714805603e-02 1.054036151617765427e-02 2.994721522554755211e-03 3.564208373427391052e-02 1.376991253346204758e-02 5.047337412834167480e-01 9.752703458070755005e-02 9.416094422340393066e-02 3.836698830127716064e-02 1.054036431014537811e-02 2.994722453877329826e-03 3.492119023576378822e-03
1.200000000000000000e+04 6.413513794541358948e-03 1.303622685372829437e-02 7.294321060180664062e-02 8.923127315938472748e-03 2.917385473847389221e-02 2.336206845939159393e-02 9.823605418205261230e-03 2.375575015321373940e-03 3.387955203652381897e-02 1.881378144025802612e-02 4.699887037277221680e-01 9.404011815786361694e-02 8.255599439144134521e-02 2.336207404732704163e-02 9.823597036302089691e-03 2.375573618337512016e-03 3.784834640100598335e-03
1.300000000000000000e+04 5.152595695108175278e-03 2.849818672984838486e-03 2.930154651403427124e-02 2.810710296034812927e-02 2.300721779465675354e-02 1.744803972542285919e-02 7.521821185946464539e-03 2.033637603744864464e-03 3.125257045030593872e-02 8.588369935750961304e-03 3.205716609954833984e-01 1.080796346068382263e-01 7.620000094175338745e-02 1.744802668690681458e-02 7.521809544414281845e-03 2.033639699220657349e-03 3.275223076343536377e-03
1.400000000000000000e+04 4.669688642024993896e-03 2.391590271145105362e-03 4.602499306201934814e-03 3.075635060667991638e-03 2.543372660875320435e-02 1.362441666424274445e-02 7.537038531154394150e-03 1.864251680672168732e-03 3.128798305988311768e-02 7.983457297086715698e-03 1.954181045293807983e-01 5.690567940473556519e-02 7.959221303462982178e-02 1.362440176308155060e-02 7.537038996815681458e-03 1.864250749349594116e-03 3.336844267323613167e-03
1.500000000000000000e+04 4.097091034054756165e-03 2.109703607857227325e-03 3.788058180361986160e-03 2.853428944945335388e-03 1.965266466140747070e-02 9.946153499186038971e-03 6.233201362192630768e-03 1.465117209590971470e-03 2.924213558435440063e-02 7.403635419905185699e-03 1.763167381286621094e-01 6.077466905117034912e-02 6.413381546735763550e-02 9.946155361831188202e-03 6.233198568224906921e-03 1.465115929022431374e-03 3.202184569090604782e-03
1.600000000000000000e+04 4.345120862126350403e-03 2.503793453797698021e-03 9.032084606587886810e-03 5.001525394618511200e-03 2.433393895626068115e-02 7.431655190885066986e-03 5.322430748492479324e-03 1.745337503962218761e-03 2.779419533908367157e-02 9.624782018363475800e-03 1.617846488952636719e-01 6.024411320686340332e-02 7.879247516393661499e-02 7.431649137288331985e-03 5.322428420186042786e-03 1.745335292071104050e-03 3.438100684434175491e-03
1.700000000000000000e+04 8.708078414201736450e-03 7.166459225118160248e-03 1.353183761239051819e-02 5.678615067154169083e-03 5.076991766691207886e-02 8.110070601105690002e-03 7.513176184147596359e-03 3.047397127375006676e-03 4.916973412036895752e-02 1.986140757799148560e-02 1.710143089294433594e-01 2.637531608343124390e-02 1.372454017400741577e-01 8.110053837299346924e-03 7.513193413615226746e-03 3.047397127375006676e-03 4.525609314441680908e-03
1.800000000000000000e+04 3.896503010764718056e-03 2.095841802656650543e-03 3.451661439612507820e-03 2.410116372630000114e-03 2.322281710803508759e-02 5.551643203943967819e-03 5.182052496820688248e-03 1.509719062596559525e-03 3.340427950024604797e-02 7.556624244898557663e-03 9.940166026353836060e-02 4.557341337203979492e-02 7.113526761531829834e-02 5.551656242460012436e-03 5.182053428143262863e-03 1.509718364104628563e-03 3.355877473950386047e-03
1.900000000000000000e+04 3.526991233229637146e-03 1.932416111230850220e-03 2.863502362743020058e-03 2.311257412657141685e-03 1.717513799667358398e-02 4.383257590234279633e-03 4.302098881453275681e-03 1.177116995677351952e-03 3.372491523623466492e-02 8.176868781447410583e-03 1.006819754838943481e-01 5.363139510154724121e-02 5.685370787978172302e-02 4.383255727589130402e-03 4.302095621824264526e-03 1.177119323983788490e-03 3.241624915972352028e-03
2.000000000000000000e+04 4.813949111849069595e-03 3.611072432249784470e-03 8.268626779317855835e-02 2.584691904485225677e-02 1.733713038265705109e-02 4.400393925607204437e-03 4.011610522866249084e-03 9.489051299169659615e-04 4.086443409323692322e-02 9.516158141195774078e-03 1.419106572866439819e-01 6.821830570697784424e-02 5.546263232827186584e-02 4.400367382913827896e-03 4.011617973446846008e-03 9.489032090641558170e-04 3.616807982325553894e-03
2.100000000000000000e+04 5.179556831717491150e-02 7.602033764123916626e-02 1.082862988114356995e-01 2.507567107677459717e-01 8.148501813411712646e-02 2.880023559555411339e-03 7.362626492977142334e-03 1.786138280294835567e-03 1.147702112793922424e-01 7.885569334030151367e-02 1.716199070215225220e-01 3.207333385944366455e-01 1.491751372814178467e-01 2.880014479160308838e-03 7.362614851444959641e-03 1.786140841431915760e-03 8.534328080713748932e-03
2.200000000000000000e+04 2.956318901851773262e-03 1.953616505488753319e-03 3.692523110657930374e-03 2.607848262414336205e-03 1.469677686691284180e-02 2.427898813039064407e-03 2.546029631048440933e-03 8.249841048382222652e-04 3.760683164000511169e-02 7.706079632043838501e-03 6.646241247653961182e-02 6.548018753528594971e-02 4.709463566541671753e-02 2.427895320579409599e-03 2.546027535572648048e-03 8.249842794612050056e-04 3.326163394376635551e-03
2.300000000000000000e+04 5.534245632588863373e-03 4.203368443995714188e-03 1.066096965223550797e-02 1.267323922365903854e-02 4.479047283530235291e-02 3.195083700120449066e-03 3.262923564761877060e-03 2.044627908617258072e-03 4.023113474249839783e-02 1.480487920343875885e-02 7.978794723749160767e-02 9.561533480882644653e-02 1.151145324110984802e-01 3.195076948031783104e-03 3.262930316850543022e-03 2.044630004093050957e-03 4.565056879073381424e-03
2.400000000000000000e+04 2.711344044655561447e-03 1.653714571148157120e-03 2.249133773148059845e-03 1.860997756011784077e-03 1.530792191624641418e-02 2.113166265189647675e-03 2.480125054717063904e-03 8.626624476164579391e-04 3.796019032597541809e-02 7.373172789812088013e-03 4.972832277417182922e-02 5.292175337672233582e-02 4.983856901526451111e-02 2.113165566697716713e-03 2.480126218870282173e-03 8.626636117696762085e-04 3.424399998039007187e-03
2.500000000000000000e+04 3.247104119509458542e-03 3.752633463591337204e-03 7.706867996603250504e-03 6.900357548147439957e-03 1.500770542770624161e-02 1.577411429025232792e-03 1.959066838026046753e-03 8.475555223412811756e-04 4.405154287815093994e-02 1.046962291002273560e-02 5.182471871376037598e-02 5.731019750237464905e-02 4.959416389465332031e-02 1.577407005243003368e-03 1.959068933501839638e-03 8.475544746033847332e-04 3.614551387727260590e-03
2.600000000000000000e+04 2.549789147451519966e-03 1.443665241822600365e-03 3.328933939337730408e-02 1.422014925628900528e-02 1.265895366668701172e-02 1.288928324356675148e-03 1.605887664481997490e-03 7.215163204818964005e-04 4.025148227810859680e-02 6.932978052645921707e-03 8.468922227621078491e-02 7.851182669401168823e-02 4.229918867349624634e-02 1.288928673602640629e-03 1.605893019586801529e-03 7.215156219899654388e-04 3.399467095732688904e-03
2.700000000000000000e+04 3.204648382961750031e-03 9.266857989132404327e-03 5.570871755480766296e-02 7.174612581729888916e-02 1.627504639327526093e-02 1.089459285140037537e-03 1.438585226424038410e-03 7.775840931572020054e-04 5.304396897554397583e-02 1.542495656758546829e-02 1.128375083208084106e-01 1.032271683216094971e-01 5.092469975352287292e-02 1.089462777599692345e-03 1.438583596609532833e-03 7.775839767418801785e-04 4.236659966409206390e-03
2.800000000000000000e+04 4.651353135704994202e-02 3.736707195639610291e-02 5.495405197143554688e-02 5.183099210262298584e-02 1.165962666273117065e-01 2.747083781287074089e-03 3.087727352976799011e-03 2.911218442022800446e-03 2.078938931226730347e-01 1.028334721922874451e-01 1.150096654891967773e-01 2.324536591768264771e-01 2.150906622409820557e-01 2.747068181633949280e-03 3.087725955992937088e-03 2.911217743530869484e-03 9.990462101995944977e-03
2.900000000000000000e+04 2.783008152619004250e-03 1.743591390550136566e-03 2.231524558737874031e-03 2.050623297691345215e-03 1.691200025379657745e-02 1.505761523731052876e-03 2.064793370664119720e-03 9.721479727886617184e-04 6.968313455581665039e-02 8.852774277329444885e-03 2.918916195631027222e-02 4.586407169699668884e-02 5.295027792453765869e-02 1.505756750702857971e-03 2.064791508018970490e-03 9.721468668431043625e-04 3.933199681341648102e-03
3.000000000000000000e+04 2.478312235325574875e-03 1.326169003732502460e-03 2.105754567310214043e-03 1.752729411236941814e-03 1.262467633932828903e-02 1.278741634450852871e-03 1.766504836268723011e-03 8.043712587095797062e-04 7.173839211463928223e-02 8.632732555270195007e-03 3.008225001394748688e-02 5.080034211277961731e-02 4.244777932763099670e-02 1.278741052374243736e-03 1.766501227393746376e-03 8.043716661632061005e-04 3.801610553637146950e-03
3.100000000000000000e+04 2.264472888782620430e-03 2.342309104278683662e-03 3.540274687111377716e-03 2.566230483353137970e-03 1.307942718267440796e-02 1.178280683234333992e-03 1.426615286618471146e-03 8.115042583085596561e-04 7.014612108469009399e-02 9.094935841858386993e-03 3.403709456324577332e-02 6.201218068599700928e-02 4.289752617478370667e-02 1.178274396806955338e-03 1.426620059646666050e-03 8.115042583085596561e-04 3.731540869921445847e-03
3.200000000000000000e+04 1.763875712640583515e-03 8.839933434501290321e-04 1.717807725071907043e-03 1.459077815525233746e-03 1.067973859608173370e-02 9.900435106828808784e-04 1.274815876968204975e-03 6.900935550220310688e-04 8.530665189027786255e-02 6.692986935377120972e-03 2.523438818752765656e-02 5.249205976724624634e-02 3.701645508408546448e-02 9.900528239086270332e-04 1.274812500923871994e-03 6.900939042679965496e-04 3.940826281905174255e-03
3.300000000000000000e+04 1.696405815891921520e-03 9.378257091157138348e-04 1.724086119793355465e-03 1.606583711691200733e-03 1.305263862013816833e-02 9.066964266821742058e-04 1.314052380621433258e-03 8.511446649208664894e-04 6.140239536762237549e-02 6.143977865576744080e-03 2.176642976701259613e-02 4.870446398854255676e-02 4.398051276803016663e-02 9.066922357305884361e-04 1.314051449298858643e-03 8.511437918059527874e-04 3.697172971442341805e-03
3.400000000000000000e+04 1.751625910401344299e-03 8.574107196182012558e-04 6.431085523217916489e-03 1.810316112823784351e-03 1.084038335829973221e-02 7.660741684958338737e-04 1.076118322089314461e-03 7.045054808259010315e-04 9.952062368392944336e-02 6.616520695388317108e-03 2.941555343568325043e-02 5.212837830185890198e-02 3.761499375104904175e-02 7.660675910301506519e-04 1.076120999641716480e-03 7.045045495033264160e-04 4.173440858721733093e-03
3.500000000000000000e+04 1.392721547745168209e-03 7.281688158400356770e-04 1.684731803834438324e-03 1.340840128250420094e-03 9.839350357651710510e-03 7.807775400578975677e-04 1.030133222229778767e-03 6.517302244901657104e-04 1.055921614170074463e-01 5.454408936202526093e-03 1.815264299511909485e-02 5.328658968210220337e-02 3.488511592149734497e-02 7.807787624187767506e-04 1.030131243169307709e-03 6.517296424135565758e-04 4.218766000121831894e-03
3.600000000000000000e+04 1.409889315254986286e-03 7.378564332611858845e-04 1.846449915319681168e-03 1.483322936110198498e-03 9.760243818163871765e-03 7.175224018283188343e-04 1.018951646983623505e-03 6.367819732986390591e-04 1.017992049455642700e-01 4.797142930328845978e-03 1.674245484173297882e-02 5.417118966579437256e-02 3.456182777881622314e-02 7.175220525823533535e-04 1.018952229060232639e-03 6.367826135829091072e-04 4.150342661887407303e-03
3.700000000000000000e+04 1.254934468306601048e-03 6.435777177102863789e-04 1.306709367781877518e-03 1.189004280604422092e-03 9.327480569481849670e-03 6.744506536051630974e-04 9.573498391546308994e-04 6.450751679949462414e-04 1.070928648114204407e-01 4.518972709774971008e-03 1.609409786760807037e-02 5.027285218238830566e-02 3.335467353463172913e-02 6.744461716152727604e-04 9.573543211445212364e-04 6.450739456340670586e-04 4.271194338798522949e-03
3.800000000000000000e+04 1.649859477765858173e-03 9.561054757796227932e-04 1.471909810788929462e-03 1.558996387757360935e-03 1.264665927737951279e-02 9.887132328003644943e-04 1.231979345902800560e-03 7.735973922535777092e-04 1.708222627639770508e-01 7.137022912502288818e-03 1.543097477406263351e-02 4.926029965281486511e-02 4.221887513995170593e-02 9.887160267680883408e-04 1.231980277225375175e-03 7.735962863080203533e-04 5.222171545028686523e-03
3.900000000000000000e+04 1.400906825438141823e-03 7.363547338172793388e-04 1.196510740555822849e-03 1.079816836863756180e-03 8.820545859634876251e-03 9.374135406687855721e-04 1.058451831340789795e-03 5.857694777660071850e-04 2.570826709270477295e-01 7.200428750365972519e-03 1.759016141295433044e-02 4.964891821146011353e-02 3.157642111182212830e-02 9.374143555760383606e-04 1.058454392477869987e-03 5.857700598426163197e-04 5.918909329921007156e-03
4.000000000000000000e+04 1.806014450266957283e-03 3.026782767847180367e-03 3.163253888487815857e-02 1.154870446771383286e-02 8.958803489804267883e-03 7.759789586998522282e-04 9.377864189445972443e-04 5.385411786846816540e-04 2.964977025985717773e-01 9.202603250741958618e-03 5.956605821847915649e-02 7.645923644304275513e-02 2.870471775531768799e-02 7.759780855849385262e-04 9.377876995131373405e-04 5.385424010455608368e-04 6.291611585766077042e-03
4.100000000000000000e+04 1.430334988981485367e-03 8.072294876910746098e-04 1.567119732499122620e-02 6.721599027514457703e-03 7.755082566291093826e-03 6.889087962917983532e-04 8.154305978678166866e-04 5.636474234052002430e-04 3.255203068256378174e-01 6.993517745286226273e-03 3.676182776689529419e-02 6.200925260782241821e-02 2.769524231553077698e-02 6.889101350679993629e-04 8.154300739988684654e-04 5.636469577439129353e-04 6.481848191469907761e-03
4.200000000000000000e+04 1.169080263935029507e-03 5.369777209125459194e-04 1.032067229971289635e-03 8.915209327824413776e-04 7.429599761962890625e-03 7.709994679316878319e-04 8.398297941312193871e-04 5.725492374040186405e-04 3.316394388675689697e-01 6.227415520697832108e-03 1.651876978576183319e-02 5.006909742951393127e-02 2.745132148265838623e-02 7.710034260526299477e-04 8.398306090384721756e-04 5.725475493818521500e-04 6.566941272467374802e-03
4.300000000000000000e+04 1.369190635159611702e-03 5.838932120241224766e-04 1.659802044741809368e-03 1.202999148517847061e-03 9.455909021198749542e-03 8.180657750926911831e-04 8.867304422892630100e-04 6.835755775682628155e-04 3.330509066581726074e-01 6.711711175739765167e-03 1.731110177934169769e-02 4.741487279534339905e-02 3.403570502996444702e-02 8.180642616935074329e-04 8.867302676662802696e-04 6.835762760601937771e-04 6.767283659428358078e-03
4.400000000000000000e+04 1.514798612333834171e-03 1.401499961502850056e-03 3.984489943832159042e-03 2.205622382462024689e-03 7.853028364479541779e-03 8.152555674314498901e-04 7.287538610398769379e-04 6.019928841851651669e-04 4.667068719863891602e-01 7.696466054767370224e-03 2.346241660416126251e-02 4.381719604134559631e-02 2.890007570385932922e-02 8.152599330060184002e-04 7.287493790499866009e-04 6.019934662617743015e-04 7.722481153905391693e-03
4.500000000000000000e+04 1.114302896894514561e-03 5.147286574356257915e-04 9.446907788515090942e-04 7.594404742121696472e-04 7.230969611555337906e-03 1.069432590156793594e-03 7.856196607463061810e-04 6.308131851255893707e-04 6.798867583274841309e-01 9.751729667186737061e-03 1.795603521168231964e-02 4.607001319527626038e-02 2.745303325355052948e-02 1.069437945261597633e-03 7.856186130084097385e-04 6.308131269179284573e-04 9.181619621813297272e-03
4.600000000000000000e+04 1.476596808061003685e-03 8.178401039913296700e-04 1.681083254516124725e-02 5.323806311935186386e-03 7.834311574697494507e-03 1.112531055696308613e-03 1.005006255581974983e-03 7.018447504378855228e-04 6.964420676231384277e-01 9.263161569833755493e-03 2.943989261984825134e-02 7.128972560167312622e-02 2.852964960038661957e-02 1.112538157030940056e-03 1.005002995952963829e-03 7.018437026999890804e-04 9.104786440730094910e-03
4.700000000000000000e+04 9.725553099997341633e-04 5.519539699889719486e-04 1.122238230891525745e-03 9.291418245993554592e-04 6.407096050679683685e-03 1.197974313981831074e-03 8.096278761513531208e-04 5.924475844949483871e-04 7.703049778938293457e-01 1.278736721724271774e-02 1.641019620001316071e-02 4.927871376276016235e-02 2.552622929215431213e-02 1.197974313981831074e-03 8.096282253973186016e-04 5.924489232711493969e-04 9.818054735660552979e-03
4.800000000000000000e+04 9.836732642725110054e-04 1.989938784390687943e-03 1.104506896808743477e-03 2.308423398062586784e-03 6.201348733156919479e-03 1.138233114033937454e-03 8.544023148715496063e-04 5.938007961958646774e-04 8.482909798622131348e-01 1.346689742058515549e-02 2.253592386841773987e-02 6.472618132829666138e-02 2.332784608006477356e-02 1.138235908001661301e-03 8.544032461941242218e-04 5.938012036494910717e-04 1.002978254109621048e-02
4.900000000000000000e+04 1.327305100858211517e-03 1.224750652909278870e-03 2.537942957133054733e-03 2.492119092494249344e-03 1.325188577175140381e-02 1.200056984089314938e-03 1.352710998617112637e-03 9.826314635574817657e-04 5.503533482551574707e-01 1.184397377073764801e-02 3.375149518251419067e-02 3.345368802547454834e-02 4.536671563982963562e-02 1.200052211061120033e-03 1.352714258246123791e-03 9.826304158195853233e-04 8.759374730288982391e-03
5.000000000000000000e+04 8.961152634583413601e-04 7.394187850877642632e-04 7.623639539815485477e-04 7.659696857444941998e-04 6.788569502532482147e-03 1.410275581292808056e-03 8.324403897859156132e-04 6.900714361108839512e-04 8.937950730323791504e-01 1.451279409229755402e-02 2.247546613216400146e-02 4.469773545861244202e-02 2.849450893700122833e-02 1.410275581292808056e-03 8.324390510097146034e-04 6.900716107338666916e-04 1.047697849571704865e-02
5.100000000000000000e+04 7.624025456607341766e-04 6.927262293174862862e-04 9.002778679132461548e-04 8.401998784393072128e-04 5.049983039498329163e-03 1.184691442176699638e-03 7.037369650788605213e-04 5.872833426110446453e-04 9.003201127052307129e-01 1.377583108842372894e-02 2.573996596038341522e-02 4.547388106584548950e-02 2.335598319768905640e-02 1.184691558592021465e-03 7.037380128167569637e-04 5.872845067642629147e-04 1.039040274918079376e-02
5.200000000000000000e+04 5.962757859379053116e-04 5.580173456110060215e-04 6.112289847806096077e-04 5.815387703478336334e-04 4.569296259433031082e-03 1.130323274992406368e-03 5.825425032526254654e-04 5.776938633061945438e-04 1.016314506530761719e+00 1.318387128412723541e-02 2.464650571346282959e-02 5.034209042787551880e-02 2.210164442658424377e-02 1.130323391407728195e-03 5.825430271215736866e-04 5.776955513283610344e-04 1.104792114347219467e-02
5.300000000000000000e+04 5.297358147799968719e-04 4.656602395698428154e-04 5.820548394694924355e-04 5.169569631107151508e-04 4.585700109601020813e-03 1.137998537160456181e-03 5.561933503486216068e-04 6.058850558474659920e-04 1.145293831825256348e+00 1.368178799748420715e-02 2.424926124513149261e-02 5.490186810493469238e-02 2.285523898899555206e-02 1.138003193773329258e-03 5.561911966651678085e-04 6.058858125470578671e-04 1.173285860568284988e-02
5.400000000000000000e+04 9.366679587401449680e-04 6.573509890586137772e-04 1.358023146167397499e-03 1.668935525231063366e-03 7.980486378073692322e-03 9.772295597940683365e-04 1.105136238038539886e-03 6.628878763876855373e-04 6.434689164161682129e-01 1.512228697538375854e-02 2.003397047519683838e-02 8.163341134786605835e-02 3.283908218145370483e-02 9.772246703505516052e-04 1.105138333514332771e-03 6.628879928030073643e-04 9.299706667661666870e-03
5.500000000000000000e+04 5.279206088744103909e-04 4.523161624092608690e-04 6.060178857296705246e-04 5.435373168438673019e-04 4.212822299450635910e-03 1.110356999561190605e-03 5.695252330042421818e-04 5.233769188635051250e-04 1.070063233375549316e+00 1.437284797430038452e-02 2.010080032050609589e-02 4.984565824270248413e-02 2.128123119473457336e-02 1.110358280129730701e-03 5.695260479114949703e-04 5.233766278252005577e-04 1.141649670898914337e-02
5.600000000000000000e+04 5.282747442834079266e-04 3.801151178777217865e-04 5.007231957279145718e-04 6.531232502311468124e-04 5.080518778413534164e-03 1.066635828465223312e-03 6.912106182426214218e-04 5.980653222650289536e-04 1.019369721412658691e+00 1.419581566005945206e-02 1.886215806007385254e-02 4.961634799838066101e-02 2.526026777923107147e-02 1.066634664312005043e-03 6.912093958817422390e-04 5.980661953799426556e-04 1.127985864877700806e-02
5.700000000000000000e+04 7.654514629393815994e-03 2.578276023268699646e-02 8.870963752269744873e-02 3.006454929709434509e-02 7.239206880331039429e-02 1.910467981360852718e-03 1.801887992769479752e-03 2.239015186205506325e-03 9.008342623710632324e-01 4.426095634698867798e-02 1.268717199563980103e-01 1.565768271684646606e-01 1.957075446844100952e-01 1.910462044179439545e-03 1.801887992769479752e-03 2.239009598270058632e-03 1.017643325030803680e-02
5.800000000000000000e+04 3.879228897858411074e-04 3.019660653080791235e-04 1.873875386081635952e-03 1.423999667167663574e-03 3.558182623237371445e-03 9.885019389912486076e-04 5.328833940438926220e-04 5.125564639456570148e-04 1.187246203422546387e+00 1.465967390686273575e-02 2.321654558181762695e-02 4.137824103236198425e-02 2.090610750019550323e-02 9.884975152090191841e-04 5.328829283826053143e-04 5.125562311150133610e-04 1.209047343581914902e-02
5.900000000000000000e+04 1.444641500711441040e-03 1.159467152319848537e-03 1.845887862145900726e-03 2.456860849633812904e-03 1.045706123113632202e-02 1.896246569231152534e-03 1.407898613251745701e-03 9.019994759000837803e-04 1.242278337478637695e+00 2.337320521473884583e-02 2.604329213500022888e-02 3.965350240468978882e-02 3.997690603137016296e-02 1.896263682283461094e-03 1.407894189469516277e-03 9.020003490149974823e-04 1.255357172340154648e-02
6.000000000000000000e+04 6.417189142666757107e-04 5.949339247308671474e-04 7.365912315435707569e-04 7.815490243956446648e-04 5.553407594561576843e-03 1.875579589977860451e-03 7.830885006114840508e-04 7.457081228494644165e-04 1.487730860710144043e+00 2.660884335637092590e-02 2.723066881299018860e-02 5.591197311878204346e-02 2.928299456834793091e-02 1.875575748272240162e-03 7.830880931578576565e-04 7.457087049260735512e-04 1.347578503191471100e-02
6.100000000000000000e+04 4.841660556849092245e-04 5.098065012134611607e-04 5.085425800643861294e-04 4.941018996760249138e-04 3.868880448862910271e-03 1.384970382787287235e-03 5.860833334736526012e-04 5.882002296857535839e-04 1.325124740600585938e+00 2.322958596050739288e-02 2.585991472005844116e-02 5.700369551777839661e-02 2.361063845455646515e-02 1.384971663355827332e-03 5.860828678123652935e-04 5.881997058168053627e-04 1.274078618735074997e-02
6.200000000000000000e+04 3.713846090249717236e-04 3.837269323412328959e-04 4.722027515526860952e-04 4.930261638946831226e-04 3.253480186685919762e-03 1.110874698497354984e-03 5.005425773561000824e-04 5.014464259147644043e-04 1.212373614311218262e+00 1.867535337805747986e-02 2.415915764868259430e-02 5.313917249441146851e-02 2.064681425690650940e-02 1.110873650759458542e-03 5.005435668863356113e-04 5.014464259147644043e-04 1.217833440750837326e-02
6.300000000000000000e+04 3.056440327782183886e-04 2.657223085407167673e-04 5.198689177632331848e-04 4.826011427212506533e-04 3.282542107626795769e-03 1.065088552422821522e-03 4.645267326850444078e-04 5.098333349451422691e-04 1.253048777580261230e+00 1.848132349550724030e-02 2.218206413090229034e-02 5.528385937213897705e-02 2.105790749192237854e-02 1.065087621100246906e-03 4.645255976356565952e-04 5.098322872072458267e-04 1.236896589398384094e-02
6.400000000000000000e+04 4.440772812813520432e-03 5.693168379366397858e-03 2.249024659395217896e-01 1.780557930469512939e-01 1.447767950594425201e-02 1.924394629895687103e-03 1.107171177864074707e-03 5.789137212559580803e-04 1.348875999450683594e+00 2.081773988902568817e-02 2.358139157295227051e-01 2.397785335779190063e-01 5.457335710525512695e-02 1.924390206113457680e-03 1.107176998630166054e-03 5.789131973870098591e-04 1.329732686281204224e-02
6.500000000000000000e+04 2.500222180970013142e-04 2.276160521432757378e-04 4.250335623510181904e-04 4.284705210011452436e-04 2.948715351521968842e-03 1.048856182023882866e-03 5.018840893171727657e-04 4.660717968363314867e-04 1.248262047767639160e+00 1.952395960688591003e-02 1.796725392341613770e-02 4.787573590874671936e-02 2.092303335666656494e-02 1.048858277499675751e-03 5.018811789341270924e-04 4.660724080167710781e-04 1.236249692738056183e-02
6.600000000000000000e+04 2.430150052532553673e-04 1.980852975975722075e-04 4.148241423536092043e-04 4.087616107426583767e-04 2.714117756113409996e-03 1.006852369755506516e-03 4.782892065122723579e-04 4.553486360237002373e-04 1.303008794784545898e+00 1.946310140192508698e-02 1.734165102243423462e-02 4.740262776613235474e-02 2.007700689136981964e-02 1.006854814477264881e-03 4.782914184033870697e-04 4.553501203190535307e-04 1.261877082288265228e-02
6.700000000000000000e+04 2.326243848074227571e-04 2.004332782234996557e-04 3.816405369434505701e-04 3.979092289227992296e-04 2.716528717428445816e-03 9.298445656895637512e-04 4.732530214823782444e-04 4.496556648518890142e-04 1.170520663261413574e+00 1.945679821074008942e-02 1.507392525672912598e-02 4.263438656926155090e-02 2.056933194398880005e-02 9.298535878770053387e-04 4.732508677989244461e-04 4.496558394748717546e-04 1.199537515640258789e-02
6.800000000000000000e+04 2.319449122296646237e-04 1.817436423152685165e-04 3.424695460125803947e-04 4.106684937141835690e-04 2.802098635584115982e-03 9.584623039700090885e-04 5.269479006528854370e-04 4.698783450294286013e-04 1.222400307655334473e+00 2.014584653079509735e-02 1.364540215581655502e-02 4.306380078196525574e-02 2.130564302206039429e-02 9.584604995325207710e-04 5.269503453746438026e-04 4.698771808762103319e-04 1.221572421491146088e-02
6.900000000000000000e+04 1.784772757673636079e-04 2.103105071000754833e-04 3.830492496490478516e-04 3.762262931559234858e-04 2.393199130892753601e-03 8.394529577344655991e-04 4.785500932484865189e-04 4.361504688858985901e-04 1.193027257919311523e+00 1.980618014931678772e-02 1.416526176035404205e-02 4.366011172533035278e-02 2.005730196833610535e-02 8.394496981054544449e-04 4.785500059369951487e-04 4.361509345471858978e-04 1.205237489193677902e-02
7.000000000000000000e+04 5.353546584956347942e-04 3.978181921411305666e-04 7.391814724542200565e-04 1.037221634760499001e-03 4.422188736498355865e-03 1.713289064355194569e-03 8.294217986986041069e-04 5.309826810844242573e-04 1.640812635421752930e+00 2.026051096618175507e-02 2.692861296236515045e-02 3.684495389461517334e-02 2.429450117051601410e-02 1.713294303044676781e-03 8.294216240756213665e-04 5.309829139150679111e-04 1.389561686664819717e-02
7.100000000000000000e+04 2.803854586090892553e-04 2.688243112061172724e-04 3.952447150368243456e-04 4.992324975319206715e-04 2.476686146110296249e-03 1.358087640255689621e-03 6.324902642518281937e-04 4.451498098205775023e-04 1.511384963989257812e+00 1.978354528546333313e-02 2.056213282048702240e-02 4.924782738089561462e-02 1.824323460459709167e-02 1.358086126856505871e-03 6.324860150925815105e-04 4.451489658094942570e-04 1.332224626094102859e-02
7.200000000000000000e+04 2.222965558758005500e-04 2.091757924063131213e-04 3.952886909246444702e-04 5.306802922859787941e-04 2.068391302600502968e-03 9.804180590435862541e-04 5.672280094586312771e-04 3.787864989135414362e-04 1.203472852706909180e+00 1.549935713410377502e-02 1.958240382373332977e-02 4.194778949022293091e-02 1.665893755853176117e-02 9.804195724427700043e-04 5.672288825735449791e-04 3.787867608480155468e-04 1.199695374816656113e-02
7.300000000000000000e+04 1.008127466775476933e-03 1.642766292206943035e-03 5.522326752543449402e-02 2.307690121233463287e-02 2.507718047127127647e-03 7.882859208621084690e-04 4.380706814117729664e-04 3.707183350343257189e-04 1.087220072746276855e+00 1.683807373046875000e-02 7.819519937038421631e-02 6.813941150903701782e-02 1.767277158796787262e-02 7.882903446443378925e-04 4.380711179692298174e-04 3.707170544657856226e-04 1.154194120317697525e-02
7.400000000000000000e+04 1.593345368746668100e-04 1.441213826183229685e-04 3.349968465045094490e-04 4.176330985501408577e-04 1.920378417707979679e-03 8.302115020342171192e-04 4.597597871907055378e-04 3.720423264894634485e-04 1.099407792091369629e+00 1.583137176930904388e-02 1.435658801347017288e-02 4.206831008195877075e-02 1.732434518635272980e-02 8.302134810946881771e-04 4.597602237481623888e-04 3.720422973856329918e-04 1.156930066645145416e-02
7.500000000000000000e+04 1.534318580524995923e-04 1.413842401234433055e-04 3.593466244637966156e-04 4.027570248581469059e-04 1.933184335939586163e-03 8.238872396759688854e-04 4.548762517515569925e-04 3.805975429713726044e-04 1.116633892059326172e+00 1.636659540235996246e-02 1.353586651384830475e-02 4.132026433944702148e-02 1.740285940468311310e-02 8.238914888352155685e-04 4.548752913251519203e-04 3.805964661296457052e-04 1.167659554630517960e-02
7.600000000000000000e+04 1.745004847180098295e-04 1.654259394854307175e-04 7.113698520697653294e-04 4.770743835251778364e-04 1.922403927892446518e-03 7.479109335690736771e-04 4.371724207885563374e-04 3.824524756055325270e-04 1.047963261604309082e+00 1.587609387934207916e-02 1.288475655019283295e-02 4.044280201196670532e-02 1.797851547598838806e-02 7.479093037545681000e-04 4.371726827230304480e-04 3.824529121629893780e-04 1.136628631502389908e-02
7.700000000000000000e+04 3.712398174684494734e-04 8.990882779471576214e-04 2.266031224280595779e-03 1.105411909520626068e-03 3.023296827450394630e-03 6.727148429490625858e-04 4.456866299733519554e-04 4.028695693705230951e-04 9.715350270271301270e-01 1.553279999643564224e-02 1.316212583333253860e-02 3.630693256855010986e-02 1.857164502143859863e-02 6.727149593643844128e-04 4.456853203009814024e-04 4.028684052173048258e-04 1.103556249290704727e-02
7.800000000000000000e+04 2.297568134963512421e-04 4.575519997160881758e-04 1.025752048008143902e-03 9.490798693150281906e-04 2.095852512866258621e-03 6.837894907221198082e-04 4.258840344846248627e-04 3.609916602727025747e-04 8.930728435516357422e-01 1.745052076876163483e-02 1.111836358904838562e-02 3.996044769883155823e-02 1.607825048267841339e-02 6.837873370386660099e-04 4.258844710420817137e-04 3.609923587646335363e-04 1.035178452730178833e-02
7.900000000000000000e+04 4.827130178455263376e-04 3.640521317720413208e-04 1.424859627149999142e-03 1.277052564546465874e-03 4.038933198899030685e-03 1.582153723575174809e-03 8.601834415458142757e-04 6.973108975216746330e-04 1.284003734588623047e+00 2.226953022181987762e-02 3.899760544300079346e-02 6.820143014192581177e-02 2.348695322871208191e-02 1.582149998284876347e-03 8.601864101365208626e-04 6.973089766688644886e-04 1.270801667124032974e-02
8.000000000000000000e+04 2.104107261402532458e-04 2.153839159291237593e-04 4.441255587153136730e-04 4.763189645018428564e-04 1.931637758389115334e-03 1.362667535431683064e-03 6.897959974594414234e-04 4.322670574765652418e-04 1.286361455917358398e+00 2.495310828089714050e-02 3.336570784449577332e-02 6.009866297245025635e-02 1.691474579274654388e-02 1.362664275802671909e-03 6.897966377437114716e-04 4.322678432799875736e-04 1.257387269288301468e-02
8.100000000000000000e+04 1.582482655066996813e-04 1.632091734791174531e-04 3.136744780931621790e-04 4.154645139351487160e-04 1.492555602453649044e-03 9.147368837147951126e-04 6.209479179233312607e-04 3.479243023321032524e-04 9.756289720535278320e-01 2.060476504266262054e-02 1.865725032985210419e-02 5.032596737146377563e-02 1.422834116965532303e-02 9.147470700554549694e-04 6.209452403709292412e-04 3.479235165286809206e-04 1.100630685687065125e-02
8.200000000000000000e+04 1.544878614367917180e-04 1.491270959377288818e-04 2.794385654851794243e-04 3.646377299446612597e-04 1.454684068448841572e-03 7.506104884669184685e-04 4.861361812800168991e-04 3.209089045412838459e-04 8.303294777870178223e-01 1.861427910625934601e-02 1.545056421309709549e-02 3.897963836789131165e-02 1.440766267478466034e-02 7.506106048822402954e-04 4.861372290179133415e-04 3.209079732187092304e-04 1.019178424030542374e-02
8.300000000000000000e+04 1.345266500720754266e-04 1.217418539454229176e-04 2.594053221400827169e-04 3.180472995154559612e-04 1.288606203161180019e-03 6.909626536071300507e-04 3.965658834204077721e-04 3.026806225534528494e-04 7.955623269081115723e-01 1.755947433412075043e-02 1.286515127867460251e-02 3.683281317353248596e-02 1.420204713940620422e-02 6.909657968208193779e-04 3.965653304476290941e-04 3.026814083568751812e-04 9.979852475225925446e-03
8.400000000000000000e+04 2.119401702657341957e-03 3.964373841881752014e-03 6.859374046325683594e-02 3.854956105351448059e-02 2.817217959091067314e-03 6.676423945464193821e-04 3.861517470795661211e-04 3.226171829737722874e-04 7.531305551528930664e-01 1.850109547376632690e-02 8.849117159843444824e-02 7.942797988653182983e-02 2.028135955333709717e-02 6.676415214315056801e-04 3.861495642922818661e-04 3.226167464163154364e-04 9.774941951036453247e-03
8.500000000000000000e+04 1.500292273703962564e-04 2.592714154161512852e-04 2.776606997940689325e-04 3.524787025526165962e-04 1.474409480579197407e-03 6.618676125071942806e-04 4.135500057600438595e-04 3.648010315373539925e-04 7.631438970565795898e-01 1.570469699800014496e-02 1.227546948939561844e-02 3.915435820817947388e-02 1.619056053459644318e-02 6.618623156100511551e-04 4.135518393013626337e-04 3.648005949798971415e-04 9.734849445521831512e-03
8.600000000000000000e+04 1.022216747514903545e-04 1.002479766611941159e-04 5.430773016996681690e-04 4.780913877766579390e-04 1.065848977304995060e-03 5.572804366238415241e-04 3.031638625543564558e-04 3.036006237380206585e-04 6.632372140884399414e-01 1.600611954927444458e-02 1.073695067316293716e-02 3.085847757756710052e-02 1.445566024631261826e-02 5.572803202085196972e-04 3.031625819858163595e-04 3.035999252460896969e-04 9.151630103588104248e-03
8.700000000000000000e+04 2.233554114354774356e-04 3.320094256196171045e-04 6.378382444381713867e-03 2.677172422409057617e-03 1.014299690723419189e-03 4.857057356275618076e-04 2.607521892059594393e-04 3.030118532478809357e-04 5.825406312942504883e-01 1.616567932069301605e-02 1.690030656754970551e-02 3.100528568029403687e-02 1.324765942990779877e-02 4.857054736930876970e-04 2.607511414680629969e-04 3.030131047125905752e-04 8.620610460638999939e-03
8.800000000000000000e+04 9.454984683543443680e-05 9.375248191645368934e-05 1.601710915565490723e-03 8.856357308104634285e-04 8.389528375118970871e-04 4.739429859910160303e-04 2.557876578066498041e-04 2.868824230972677469e-04 5.115748643875122070e-01 1.636701077222824097e-02 1.037587132304906845e-02 2.693325653672218323e-02 1.323483511805534363e-02 4.739424912258982658e-04 2.557864645496010780e-04 2.868828305508941412e-04 8.090673014521598816e-03
8.900000000000000000e+04 2.410447486909106374e-04 1.826090883696451783e-04 4.655730153899639845e-04 9.506290662102401257e-04 1.823478844016790390e-03 1.217557000927627087e-03 6.867240299470722675e-04 3.919759183190762997e-04 8.593598604202270508e-01 1.561876479536294937e-02 2.465392462909221649e-02 5.185600370168685913e-02 1.541487686336040497e-02 1.217555487528443336e-03 6.867272313684225082e-04 3.919749578926712275e-04 1.039796043187379837e-02
9.000000000000000000e+04 1.456966128898784518e-04 1.120775341405533254e-04 2.832439495250582695e-04 3.754640347324311733e-04 1.022158539853990078e-03 9.535572025924921036e-04 5.075035733170807362e-04 3.172262513544410467e-04 8.537368178367614746e-01 1.537632569670677185e-02 1.707925461232662201e-02 3.904415667057037354e-02 1.139640901237726212e-02 9.535580757074058056e-04 5.075033986940979958e-04 3.172262804582715034e-04 1.028682664036750793e-02
9.100000000000000000e+04 1.058011403074488044e-04 9.603561920812353492e-05 2.337637852178886533e-04 2.807353448588401079e-04 8.295812294818460941e-04 6.639295606873929501e-04 4.071970179211348295e-04 2.736214664764702320e-04 6.467983722686767578e-01 1.346709299832582474e-02 1.161828637123107910e-02 3.082633018493652344e-02 1.056894008070230484e-02 6.639337516389787197e-04 4.071981529705226421e-04 2.736215828917920589e-04 9.053899906575679779e-03
9.200000000000000000e+04 1.059718124452047050e-04 1.049554120982065797e-04 6.926582427695393562e-04 4.641793493647128344e-04 9.374762885272502899e-04 5.145979812368750572e-04 3.412390651647001505e-04 3.034258552361279726e-04 4.942340552806854248e-01 1.242204289883375168e-02 1.139947213232517242e-02 2.880113199353218079e-02 1.212228368967771530e-02 5.145964678376913071e-04 3.412385703995823860e-04 3.034263791050761938e-04 7.989075034856796265e-03
9.300000000000000000e+04 7.942548836581408978e-05 8.939717372413724661e-05 1.708324562059715390e-04 1.963569229701533914e-04 7.324500475078821182e-04 4.604111018124967813e-04 2.766155812423676252e-04 2.642836479935795069e-04 4.313867092132568359e-01 1.270534098148345947e-02 8.925492875277996063e-03 2.476055920124053955e-02 1.180363912135362625e-02 4.604152636602520943e-04 2.766140969470143318e-04 2.642832114361226559e-04 7.493734359741210938e-03
9.400000000000000000e+04 5.574572132900357246e-04 8.307248936034739017e-04 3.278140351176261902e-02 1.544064935296773911e-02 1.116636674851179123e-03 4.866768431384116411e-04 3.911552194040268660e-04 2.999385760631412268e-04 4.040535390377044678e-01 1.363149657845497131e-02 4.174540191888809204e-02 4.415046796202659607e-02 1.221436541527509689e-02 4.866768431384116411e-04 3.911548992618918419e-04 2.999387797899544239e-04 7.173053454607725143e-03
9.500000000000000000e+04 7.769645162625238299e-05 8.146518666762858629e-05 8.091464405879378319e-04 4.836116568185389042e-04 6.212377338670194149e-04 3.939611196983605623e-04 2.273062418680638075e-04 2.589461510069668293e-04 3.622309565544128418e-01 1.397933904081583023e-02 8.046659640967845917e-03 2.269641123712062836e-02 1.177858468145132065e-02 3.939598682336509228e-04 2.273062855238094926e-04 2.589467621874064207e-04 6.875887047499418259e-03
9.600000000000000000e+04 1.322567550232633948e-04 2.186340425396338105e-04 1.060768146999180317e-03 4.175404610577970743e-04 7.526797126047313213e-04 3.760657564271241426e-04 2.434051275486126542e-04 2.856094506569206715e-04 3.050184547901153564e-01 1.607101783156394958e-02 9.028254076838493347e-03 2.307364158332347870e-02 1.491350028663873672e-02 3.760756517294794321e-04 2.434030029689893126e-04 2.856102364603430033e-04 6.319045554846525192e-03
9.700000000000000000e+04 2.941187121905386448e-04 2.310705312993377447e-04 1.134338602423667908e-02 4.663810133934020996e-03 6.376437959261238575e-04 2.906509325839579105e-04 1.598692324478179216e-04 2.495235530659556389e-04 2.420397847890853882e-01 1.512476895004510880e-02 1.834863424301147461e-02 2.424672059714794159e-02 1.195431686937808990e-02 2.906481386162340641e-04 1.598696253495290875e-04 2.495241351425647736e-04 5.759766325354576111e-03
9.800000000000000000e+04 9.972444968298077583e-04 1.099496730603277683e-03 1.313607674092054367e-03 1.760940416716039181e-03 4.894532263278961182e-03 9.812733624130487442e-04 5.779406637884676456e-04 7.261999417096376419e-04 3.998847901821136475e-01 2.050874009728431702e-02 1.731859147548675537e-02 4.382889345288276672e-02 3.108590096235275269e-02 9.812673088163137436e-04 5.779395578429102898e-04 7.261996506713330746e-04 7.326826453208923340e-03
9.900000000000000000e+04 2.402158279437571764e-04 3.983033820986747742e-04 4.015458398498594761e-04 6.315024802461266518e-04 1.514137024059891701e-03 9.284432744607329369e-04 4.681951832026243210e-04 4.719107819255441427e-04 5.154086947441101074e-01 1.916266046464443207e-02 2.079798467457294464e-02 3.266986459493637085e-02 1.963791064918041229e-02 9.284361731261014938e-04 4.681929422076791525e-04 4.719114513136446476e-04 7.994243875145912170e-03
1.000000000000000000e+05 1.384454662911593914e-04 2.375343028688803315e-04 5.031246691942214966e-04 5.117266555316746235e-04 9.786315495148301125e-04 7.227012538351118565e-04 4.024298686999827623e-04 3.614292072597891092e-04 4.676445722579956055e-01 1.724688149988651276e-02 1.550288312137126923e-02 2.651769667863845825e-02 1.512683648616075516e-02 7.227002060972154140e-04 4.024299560114741325e-04 3.614289453253149986e-04 7.610118482261896133e-03
1.010000000000000000e+05 9.448861237615346909e-05 1.840999320847913623e-04 2.606502093840390444e-04 2.076678501907736063e-04 8.304726798087358475e-04 5.407669232226908207e-04 4.132531175855547190e-04 3.114376449957489967e-04 3.453812301158905029e-01 1.428501214832067490e-02 1.043728273361921310e-02 2.060969546437263489e-02 1.315130013972520828e-02 5.407630233094096184e-04 4.132549802307039499e-04 3.114388673566281796e-04 6.635049823671579361e-03
1.020000000000000000e+05 7.249031477840617299e-05 1.337744324700906873e-04 1.232789654750376940e-04 9.338917152490466833e-05 6.843763403594493866e-04 4.316368431318551302e-04 3.963807539548724890e-04 2.803929382935166359e-04 2.606621384620666504e-01 1.141420006752014160e-02 8.838091976940631866e-03 1.842901110649108887e-02 1.191889122128486633e-02 4.316427803132683039e-04 3.963801427744328976e-04 2.803921233862638474e-04 5.848105065524578094e-03
1.030000000000000000e+05 3.616458852775394917e-04 1.340833259746432304e-03 4.025243595242500305e-02 2.244717627763748169e-02 1.519856392405927181e-03 4.863152862526476383e-04 4.922504303976893425e-04 2.664262428879737854e-04 2.084816098213195801e-01 1.031424570828676224e-02 4.389053583145141602e-02 3.935859724879264832e-02 1.092069968581199646e-02 4.863141220994293690e-04 4.922475782223045826e-04 2.664267667569220066e-04 5.093930754810571671e-03
1.040000000000000000e+05 6.330814358079805970e-05 8.869018347468227148e-05 1.199358302983455360e-04 8.870229066815227270e-05 5.334214074537158012e-04 3.410683129914104939e-04 3.153550205752253532e-04 2.602629247121512890e-04 2.088324129581451416e-01 1.084380224347114563e-02 6.916209124028682709e-03 1.668312586843967438e-02 1.148370187729597092e-02 3.410703793633729219e-04 3.153557481709867716e-04 2.602628956083208323e-04 5.301929544657468796e-03
1.050000000000000000e+05 3.536560398060828447e-04 1.231681555509567261e-03 1.328133326023817062e-02 6.861357484012842178e-03 1.309373299591243267e-03 3.580607881303876638e-04 3.673128667287528515e-04 3.146653180010616779e-04 1.992624402046203613e-01 1.440265309065580368e-02 1.975475624203681946e-02 2.380681969225406647e-02 1.287233363837003708e-02 3.580623306334018707e-04 3.673133905977010727e-04 3.146662202198058367e-04 5.324828904122114182e-03
1.060000000000000000e+05 5.386566772358492017e-05 6.708775617880746722e-05 9.864404273685067892e-05 9.029606007970869541e-05 4.412078124005347490e-04 2.968507469631731510e-04 2.390168810961768031e-04 2.517171087674796581e-04 1.752973645925521851e-01 1.304625812917947769e-02 5.470757838338613510e-03 1.480847410857677460e-02 1.120958663523197174e-02 2.968507760670036077e-04 2.390176960034295917e-04 2.517166722100228071e-04 4.890124779194593430e-03
1.070000000000000000e+05 8.013415936147794127e-05 9.665541438153013587e-05 1.346884761005640030e-03 6.117231096141040325e-04 4.546439158730208874e-04 2.531874633859843016e-04 1.919279893627390265e-04 2.382209495408460498e-04 1.442170888185501099e-01 1.340070739388465881e-02 6.289605982601642609e-03 1.401791349053382874e-02 1.036689244210720062e-02 2.531854261178523302e-04 1.919263304444029927e-04 2.382209640927612782e-04 4.475734662264585495e-03
1.080000000000000000e+05 6.214046152308583260e-04 2.227431861683726311e-03 1.983490400016307831e-02 1.274466514587402344e-02 4.577167332172393799e-03 2.890047035180032253e-04 1.850975095294415951e-04 2.896619262173771858e-04 1.205733120441436768e-01 1.431372947990894318e-02 2.765410766005516052e-02 2.647215500473976135e-02 1.814198493957519531e-02 2.890046162065118551e-04 1.850971166277304292e-04 2.896620135288685560e-04 3.906945232301950455e-03
1.090000000000000000e+05 1.116014434956014156e-03 1.128890202380716801e-03 2.059692051261663437e-03 1.940186601132154465e-03 4.471206106245517731e-03 7.239576079882681370e-04 1.174082397483289242e-03 6.933400291018188000e-04 1.270389556884765625e-01 1.134031079709529877e-02 1.536284759640693665e-02 6.177488714456558228e-02 2.448035031557083130e-02 7.239665719680488110e-04 1.174085307866334915e-03 6.933392141945660114e-04 4.739833064377307892e-03
1.100000000000000000e+05 3.117091255262494087e-04 1.708300114842131734e-04 3.088400408159941435e-04 4.269386699888855219e-04 7.699650595895946026e-04 7.188389427028596401e-04 5.296657327562570572e-04 3.424673341214656830e-04 2.158076167106628418e-01 1.547497231513261795e-02 1.093604229390621185e-02 2.652652561664581299e-02 1.258205715566873550e-02 7.188302697613835335e-04 5.296671879477798939e-04 3.424671012908220291e-04 5.338833667337894440e-03
