# step, loss_train, loss_test, metrics_test
0.000000000000000000e+00 1.644474714994430542e-01 1.675983518362045288e-01 4.154845703125000000e+03 8.667815923690795898e-01 1.075410544872283936e-01 7.784531593322753906e+00 1.662999033927917480e+00 1.400072965770959854e-02 1.705835163593292236e-01 1.704316884279251099e-01 4.176003906250000000e+03 7.923804521560668945e-01 1.268291175365447998e-01 7.784530639648437500e+00 1.662999033927917480e+00 1.400072872638702393e-02 6.414448469877243042e-02
1.000000000000000000e+03 3.056457042694091797e-01 1.801208853721618652e-01 3.557299673557281494e-01 2.806016616523265839e-02 4.742489457130432129e-01 6.071907520294189453e+00 5.140785127878189087e-02 4.849307239055633545e-02 5.875501036643981934e-01 3.255039453506469727e-01 1.588203191757202148e+00 5.683650821447372437e-02 1.100237131118774414e+00 6.071905136108398438e+00 5.140777304768562317e-02 4.849308356642723083e-02 1.959480345249176025e-02
2.000000000000000000e+03 1.309641301631927490e-01 8.264232426881790161e-02 1.195403859019279480e-01 2.267038263380527496e-02 2.543309032917022705e-01 3.169065713882446289e+00 2.381947636604309082e-02 2.393273077905178070e-02 3.434449434280395508e-01 1.840023845434188843e-01 7.331921458244323730e-01 4.017534852027893066e-02 6.244472861289978027e-01 3.169064998626708984e+00 2.381948195397853851e-02 2.393275313079357147e-02 1.301020383834838867e-02
3.000000000000000000e+03 8.237794786691665649e-02 5.473269522190093994e-02 8.787847310304641724e-02 1.808300614356994629e-02 1.508505940437316895e-01 1.692745447158813477e+00 1.706154830753803253e-02 1.567187719047069550e-02 2.290440648794174194e-01 1.302017271518707275e-01 6.374178528785705566e-01 5.694173276424407959e-02 3.726810514926910400e-01 1.692745089530944824e+00 1.706153526902198792e-02 1.567189022898674011e-02 9.865964762866497040e-03
4.000000000000000000e+03 5.985065177083015442e-02 3.104547411203384399e-02 5.924161151051521301e-02 1.798640005290508270e-02 8.469482511281967163e-02 9.391002655029296875e-01 1.851600408554077148e-02 1.269439235329627991e-02 1.751737445592880249e-01 7.948037981986999512e-02 5.974781513214111328e-01 8.738960325717926025e-02 2.250682860612869263e-01 9.391002655029296875e-01 1.851601526141166687e-02 1.269440352916717529e-02 7.786701899021863937e-03
5.000000000000000000e+03 4.291127249598503113e-02 1.614269241690635681e-02 3.189390525221824646e-02 1.521449629217386246e-02 5.018278956413269043e-02 5.320402383804321289e-01 2.137513272464275360e-02 1.095355022698640823e-02 1.420761495828628540e-01 4.421308636665344238e-02 7.410067319869995117e-01 1.189977228641510010e-01 1.475154310464859009e-01 5.320403575897216797e-01 2.137510851025581360e-02 1.095354463905096054e-02 6.335517857223749161e-03
6.000000000000000000e+03 2.530051395297050476e-02 1.061370596289634705e-02 2.264629490673542023e-02 1.706044375896453857e-02 3.400400280952453613e-02 3.134379982948303223e-01 2.395378984510898590e-02 9.761973284184932709e-03 9.541843086481094360e-02 2.891924977302551270e-02 8.681427240371704102e-01 1.226388141512870789e-01 1.091009005904197693e-01 3.134379684925079346e-01 2.395378611981868744e-02 9.761961176991462708e-03 5.346188787370920181e-03
7.000000000000000000e+03 1.299989689141511917e-02 5.849484819918870926e-03 1.194572634994983673e-02 9.394498541951179504e-03 2.208577282726764679e-02 1.908681243658065796e-01 2.460697479546070099e-02 9.276546537876129150e-03 5.615507811307907104e-02 2.031010016798973083e-02 7.077303528785705566e-01 9.043459594249725342e-02 8.361298590898513794e-02 1.908681839704513550e-01 2.460697293281555176e-02 9.276538155972957611e-03 4.461206030100584030e-03
8.000000000000000000e+03 9.835783392190933228e-03 3.943243529647588730e-03 8.234383538365364075e-03 7.360544055700302124e-03 1.380434632301330566e-02 1.230236887931823730e-01 2.482964470982551575e-02 9.164545685052871704e-03 4.490558058023452759e-02 1.694176532328128815e-02 5.224901437759399414e-01 6.539306789636611938e-02 6.310320645570755005e-02 1.230237483978271484e-01 2.482960745692253113e-02 9.164547547698020935e-03 3.934480715543031693e-03
9.000000000000000000e+03 6.427249871194362640e-03 3.214690368622541428e-03 5.202328320592641830e-03 4.958258010447025299e-03 8.216829970479011536e-03 8.268065005540847778e-02 2.411269582808017731e-02 9.240105748176574707e-03 3.416851535439491272e-02 1.679681800305843353e-02 3.613016903400421143e-01 4.491817951202392578e-02 4.765040427446365356e-02 8.268065750598907471e-02 2.411268651485443115e-02 9.240107610821723938e-03 3.361887764185667038e-03
1.000000000000000000e+04 7.769966498017311096e-03 3.381145419552922249e-03 4.358357191085815430e-01 2.744943499565124512e-01 5.731661804020404816e-03 6.607036292552947998e-02 2.620088867843151093e-02 9.375392459332942963e-03 3.117047064006328583e-02 1.780005358159542084e-02 5.247748494148254395e-01 2.771643102169036865e-01 4.022081941366195679e-02 6.607038527727127075e-02 2.620089985430240631e-02 9.375389665365219116e-03 3.322350094094872475e-03
1.100000000000000000e+04 3.751462092623114586e-03 2.776309847831726074e-03 3.236422548070549965e-03 3.206408582627773285e-03 4.643496591597795486e-03 4.231343790888786316e-02 2.223189547657966614e-02 9.363759309053421021e-03 2.480095066130161285e-02 1.798584870994091034e-02 1.708366423845291138e-01 2.524382807314395905e-02 3.440003097057342529e-02 4.231341555714607239e-02 2.223189547657966614e-02 9.363763034343719482e-03 2.856771694496273994e-03
1.200000000000000000e+04 3.056954126805067062e-03 2.226416487246751785e-03 2.294826554134488106e-03 2.168040024116635323e-03 3.589998697862029076e-03 3.245928511023521423e-02 2.034134976565837860e-02 9.367724880576133728e-03 2.221875824034214020e-02 1.622770354151725769e-02 1.051799058914184570e-01 2.097293734550476074e-02 3.031346946954727173e-02 3.245928138494491577e-02 2.034134045243263245e-02 9.367723017930984497e-03 2.608520211651921272e-03
1.300000000000000000e+04 2.622772473841905594e-03 2.002143999561667442e-03 2.016295678913593292e-03 2.005562186241149902e-03 3.118175314739346504e-03 2.603415772318840027e-02 1.899347268044948578e-02 9.366718120872974396e-03 2.010790444910526276e-02 1.548886857926845551e-02 7.126598060131072998e-02 2.051528543233871460e-02 2.789299935102462769e-02 2.603416703641414642e-02 1.899345591664314270e-02 9.366716258227825165e-03 2.517167013138532639e-03
1.400000000000000000e+04 2.634393516927957535e-03 1.886416343040764332e-03 4.688791185617446899e-02 3.063380345702171326e-02 2.870663069188594818e-03 2.273535542190074921e-02 1.847027055919170380e-02 9.371862746775150299e-03 1.891681365668773651e-02 1.433656923472881317e-02 6.842605769634246826e-02 4.685279354453086853e-02 2.762592956423759460e-02 2.273531444370746613e-02 1.847027614712715149e-02 9.371867403388023376e-03 2.507585100829601288e-03
1.500000000000000000e+04 2.288663061335682869e-03 2.115128561854362488e-03 2.992007415741682053e-03 7.389137521386146545e-03 3.553670598194003105e-03 1.934185810387134552e-02 1.584409363567829132e-02 9.319634176790714264e-03 1.718858070671558380e-02 1.425357908010482788e-02 3.251506388187408447e-02 2.868427708745002747e-02 2.666201628744602203e-02 1.934184320271015167e-02 1.584410294890403748e-02 9.319630451500415802e-03 2.345857676118612289e-03
1.600000000000000000e+04 5.412217229604721069e-03 2.118995180353522301e-03 1.865484751760959625e-02 1.684503816068172455e-02 7.183733861893415451e-03 1.679568551480770111e-02 1.634386740624904633e-02 9.226436726748943329e-03 2.111505158245563507e-02 1.469236426055431366e-02 3.962861746549606323e-02 3.240732848644256592e-02 3.120879456400871277e-02 1.679571717977523804e-02 1.634386740624904633e-02 9.226433001458644867e-03 3.257005475461483002e-03
1.700000000000000000e+04 1.690655131824314594e-03 1.528844470158219337e-03 1.602208707481622696e-03 1.873816247098147869e-03 2.614537952467799187e-03 1.558685582131147385e-02 1.461659558117389679e-02 9.325752966105937958e-03 1.490227971225976944e-02 1.270574796944856644e-02 1.746111735701560974e-02 2.343001402914524078e-02 2.488644607365131378e-02 1.558683160692453384e-02 1.461659837514162064e-02 9.325752966105937958e-03 2.328996080905199051e-03
1.800000000000000000e+04 1.855471287854015827e-03 1.646551303565502167e-03 1.201969683170318604e-01 6.018465850502252579e-03 3.148713614791631699e-03 1.352125033736228943e-02 1.392635609954595566e-02 9.272657334804534912e-03 1.432557962834835052e-02 1.181097514927387238e-02 1.513734161853790283e-01 2.961126901209354401e-02 2.291161753237247467e-02 1.352127827703952789e-02 1.392635609954595566e-02 9.272657334804534912e-03 2.284647431224584579e-03
1.900000000000000000e+04 1.329153194092214108e-03 1.307298312894999981e-03 1.020990312099456787e-03 1.302658347412943840e-03 2.381406491622328758e-03 1.420836895704269409e-02 1.294427085667848587e-02 9.361667558550834656e-03 1.313208602368831635e-02 1.090637501329183578e-02 1.135365571826696396e-02 2.465016767382621765e-02 2.505555562674999237e-02 1.420836336910724640e-02 1.294427737593650818e-02 9.361666627228260040e-03 2.254751045256853104e-03
2.000000000000000000e+04 1.197009230963885784e-03 1.281496603041887283e-03 9.915958158671855927e-03 6.129350513219833374e-03 2.377632539719343185e-03 1.359015703201293945e-02 1.210739556699991226e-02 9.372181259095668793e-03 1.193859241902828217e-02 1.077782455831766129e-02 2.300669252872467041e-02 3.215242177248001099e-02 2.524668909609317780e-02 1.359017379581928253e-02 1.210740581154823303e-02 9.372178465127944946e-03 2.199200913310050964e-03
2.100000000000000000e+04 1.043050084263086319e-03 1.218211604282259941e-03 1.577107235789299011e-03 1.456253929063677788e-03 2.619066275656223297e-03 1.354875415563583374e-02 1.198502257466316223e-02 9.410520084202289581e-03 1.075338385999202728e-02 1.001388300210237503e-02 8.824451826512813568e-03 2.548974938690662384e-02 2.751490473747253418e-02 1.354875974357128143e-02 1.198501978069543839e-02 9.410523809492588043e-03 2.257653744891285896e-03
2.200000000000000000e+04 1.940006855875253677e-03 2.010550582781434059e-03 1.418810337781906128e-01 1.596227847039699554e-02 3.962398506700992584e-03 1.243422739207744598e-02 1.128285098820924759e-02 9.402389638125896454e-03 1.061212178319692612e-02 9.371576830744743347e-03 1.581949740648269653e-01 4.494785889983177185e-02 2.313164249062538147e-02 1.243422739207744598e-02 1.128285378217697144e-02 9.402396157383918762e-03 2.335608005523681641e-03
2.300000000000000000e+04 7.320592994801700115e-04 9.508737712167203426e-04 1.079812878742814064e-03 2.174043096601963043e-03 2.173681743443012238e-03 1.289047021418809891e-02 1.116325147449970245e-02 9.384039789438247681e-03 9.361223317682743073e-03 9.122180752456188202e-03 7.930211722850799561e-03 2.830924838781356812e-02 2.606783062219619751e-02 1.289046462625265121e-02 1.116326078772544861e-02 9.384034201502799988e-03 2.231138525530695915e-03
2.400000000000000000e+04 1.188992406241595745e-03 1.339406357146799564e-03 2.205590950325131416e-03 2.891240641474723816e-03 5.360584706068038940e-03 1.393530145287513733e-02 1.238854974508285522e-02 9.355353191494941711e-03 1.097315922379493713e-02 8.432465605437755585e-03 1.435572654008865356e-02 3.116872534155845642e-02 4.043232277035713196e-02 1.393530052155256271e-02 1.238855533301830292e-02 9.355355054140090942e-03 2.672866918146610260e-03
2.500000000000000000e+04 7.888212567195296288e-04 9.702151874080300331e-04 8.918733801692724228e-04 1.249158405698835850e-03 3.220195183530449867e-03 1.358083076775074005e-02 1.184123195707798004e-02 9.415575303137302399e-03 8.340321481227874756e-03 8.405575528740882874e-03 9.560864418745040894e-03 2.141615003347396851e-02 3.496745601296424866e-02 1.358085405081510544e-02 1.184122636914253235e-02 9.415577165782451630e-03 2.173783956095576286e-03
2.600000000000000000e+04 6.764390273019671440e-04 7.853756542317569256e-04 7.693937513977289200e-04 9.668601560406386852e-04 2.515996107831597328e-03 1.318617817014455795e-02 1.108370907604694366e-02 9.432862512767314911e-03 7.898379117250442505e-03 7.842844352126121521e-03 7.122819311916828156e-03 2.450923621654510498e-02 2.807783707976341248e-02 1.318618655204772949e-02 1.108370535075664520e-02 9.432868100702762604e-03 2.134044189006090164e-03
2.700000000000000000e+04 6.171779823489487171e-04 7.506010006181895733e-04 7.989949081093072891e-04 8.920694817788898945e-04 2.299551386386156082e-03 1.288569346070289612e-02 1.062959060072898865e-02 9.416896849870681763e-03 8.052451536059379578e-03 7.724142167717218399e-03 6.655357312411069870e-03 2.845768444240093231e-02 2.608971856534481049e-02 1.288570184260606766e-02 1.062958221882581711e-02 9.416899643838405609e-03 2.165505196899175644e-03
2.800000000000000000e+04 5.731203709729015827e-04 7.420888869091868401e-04 8.358532213605940342e-04 9.232781012542545795e-04 2.210763748735189438e-03 1.268783304840326309e-02 1.032638549804687500e-02 9.389399550855159760e-03 8.082940243184566498e-03 7.900192402303218842e-03 6.807513069361448288e-03 3.083774261176586151e-02 2.614765241742134094e-02 1.268780883401632309e-02 1.032639015465974808e-02 9.389403276145458221e-03 2.200963441282510757e-03
2.900000000000000000e+04 5.639539449475705624e-04 6.944861961528658867e-04 5.652732681483030319e-03 2.538561122491955757e-03 2.056259429082274437e-03 1.247829571366310120e-02 1.002129167318344116e-02 9.337308816611766815e-03 7.819046266376972198e-03 7.262818515300750732e-03 1.224559172987937927e-02 3.344777226448059082e-02 2.500408329069614410e-02 1.247829198837280273e-02 1.002129726111888885e-02 9.337310679256916046e-03 2.162366639822721481e-03
3.000000000000000000e+04 4.938775673508644104e-04 6.104877684265375137e-04 6.998814642429351807e-04 1.001903670839965343e-03 1.972915837541222572e-03 1.249605137854814529e-02 9.888846427202224731e-03 9.314084425568580627e-03 7.732244674116373062e-03 7.086468394845724106e-03 6.285136565566062927e-03 3.084782883524894714e-02 2.576490491628646851e-02 1.249604299664497375e-02 9.888845495879650116e-03 9.314082562923431396e-03 2.159949624910950661e-03
3.100000000000000000e+04 1.027396065182983875e-03 1.365225878544151783e-03 5.911690741777420044e-02 2.561905793845653534e-02 3.847658867016434669e-03 1.220587547868490219e-02 9.525706060230731964e-03 9.320636279881000519e-03 7.038207724690437317e-03 7.953489199280738831e-03 6.898780167102813721e-02 5.752737447619438171e-02 2.632656134665012360e-02 1.220588665455579758e-02 9.525703266263008118e-03 9.320627897977828979e-03 2.156961709260940552e-03
3.200000000000000000e+04 4.350405069999396801e-04 5.017995717935264111e-04 1.483873813413083553e-03 1.125211594626307487e-03 1.806648913770914078e-03 1.230071298778057098e-02 9.589103981852531433e-03 9.243507869541645050e-03 7.453761063516139984e-03 6.616323720663785934e-03 7.111218292266130447e-03 3.065226972103118896e-02 2.468536607921123505e-02 1.230070460587739944e-02 9.589101187884807587e-03 9.243504144251346588e-03 2.140569267794489861e-03
3.300000000000000000e+04 4.863238136749714613e-04 5.793692544102668762e-04 6.552900304086506367e-04 1.185317640192806721e-03 2.563338726758956909e-03 1.281244121491909027e-02 1.033991295844316483e-02 9.394500404596328735e-03 7.396603003144264221e-03 6.349745206534862518e-03 7.105685304850339890e-03 2.517380379140377045e-02 3.123389743268489838e-02 1.281244400888681412e-02 1.033991388976573944e-02 9.394501335918903351e-03 2.220383379608392715e-03
3.400000000000000000e+04 1.703342422842979431e-03 1.373438513837754726e-03 3.283742368221282959e-01 8.123003691434860229e-02 3.106830874457955360e-03 1.198244374245405197e-02 9.735932573676109314e-03 9.322969242930412292e-03 7.861923426389694214e-03 7.137493696063756943e-03 3.372878432273864746e-01 1.073358133435249329e-01 2.440465614199638367e-02 1.198244653642177582e-02 9.735934436321258545e-03 9.322972036898136139e-03 2.323269378393888474e-03
3.500000000000000000e+04 4.179809184279292822e-04 5.006709834560751915e-04 6.387741887010633945e-04 7.983399555087089539e-04 1.956091728061437607e-03 1.243895944207906723e-02 9.764742106199264526e-03 9.325296618044376373e-03 7.615990471094846725e-03 6.769495084881782532e-03 6.533488165587186813e-03 2.687962539494037628e-02 2.529942616820335388e-02 1.243895385414361954e-02 9.764745831489562988e-03 9.325295686721801758e-03 2.125838771462440491e-03
3.600000000000000000e+04 4.064652894157916307e-04 4.664977022912353277e-04 5.876664654351770878e-04 7.568173459731042385e-04 1.818762510083615780e-03 1.236314233392477036e-02 9.606355801224708557e-03 9.267706423997879028e-03 7.694310508668422699e-03 6.731464993208646774e-03 6.358949467539787292e-03 2.711698226630687714e-02 2.459355071187019348e-02 1.236312557011842728e-02 9.606354869902133942e-03 9.267703630030155182e-03 2.111838897690176964e-03
3.700000000000000000e+04 3.918754518963396549e-04 4.398390592541545630e-04 5.478012608364224434e-04 7.858542958274483681e-04 1.730492920614778996e-03 1.231508236378431320e-02 9.510364383459091187e-03 9.230569936335086823e-03 7.550750393420457840e-03 6.576510611921548843e-03 6.309187971055507660e-03 2.749880217015743256e-02 2.465695701539516449e-02 1.231507211923599243e-02 9.510359726846218109e-03 9.230571798980236053e-03 2.102207858115434647e-03
3.800000000000000000e+04 7.342154858633875847e-04 6.129088578745722771e-04 3.698661178350448608e-02 1.032763719558715820e-02 2.606739755719900131e-03 1.240210048854351044e-02 9.504667483270168304e-03 9.202523157000541687e-03 8.856981992721557617e-03 6.577463354915380478e-03 3.970633447170257568e-02 3.470811992883682251e-02 2.691208384931087494e-02 1.240210328251123428e-02 9.504670277237892151e-03 9.202523157000541687e-03 2.202051458880305290e-03
3.900000000000000000e+04 5.780545761808753014e-04 6.905174232088029385e-04 2.734026312828063965e-02 1.003860589116811752e-02 1.931589911691844463e-03 1.210453081876039505e-02 9.237662889063358307e-03 9.137911722064018250e-03 6.811332423239946365e-03 6.304833106696605682e-03 3.484101220965385437e-02 3.746123611927032471e-02 2.347844466567039490e-02 1.210454199463129044e-02 9.237661957740783691e-03 9.137914516031742096e-03 2.079037483781576157e-03
4.000000000000000000e+04 3.619629133027046919e-04 4.167971783317625523e-04 2.317848615348339081e-03 1.154044293798506260e-03 1.658637891523540020e-03 1.214646734297275543e-02 9.244032204151153564e-03 9.123874828219413757e-03 6.775545887649059296e-03 6.124383304268121719e-03 8.999762125313282013e-03 2.743043750524520874e-02 2.386054396629333496e-02 1.214646827429533005e-02 9.244028478860855103e-03 9.123874828219413757e-03 2.062377985566854477e-03
4.100000000000000000e+04 1.526482403278350830e-03 1.593495020642876625e-03 2.685022074729204178e-03 5.146034061908721924e-03 5.729163065552711487e-03 1.331634540110826492e-02 1.011615246534347534e-02 9.141084738075733185e-03 2.012445032596588135e-02 8.851581253111362457e-03 1.111077610403299332e-02 6.193909794092178345e-02 3.290774300694465637e-02 1.331632584333419800e-02 1.011615432798862457e-02 9.141085669398307800e-03 3.229831345379352570e-03
4.200000000000000000e+04 5.465366411954164505e-04 5.876924842596054077e-04 6.377417594194412231e-04 1.717546139843761921e-03 2.162187593057751656e-03 1.298478990793228149e-02 9.984736330807209015e-03 9.179170243442058563e-03 1.050697453320026398e-02 7.128220982849597931e-03 6.134554278105497360e-03 3.435946628451347351e-02 2.540456689894199371e-02 1.298476755619049072e-02 9.984733536839485168e-03 9.179170243442058563e-03 2.334206597879528999e-03
4.300000000000000000e+04 4.137378127779811621e-04 4.108997818548232317e-04 4.510879516601562500e-04 1.054811174981296062e-03 1.525704050436615944e-03 1.270393002778291702e-02 9.705105796456336975e-03 9.193158708512783051e-03 9.330038912594318390e-03 6.115168798714876175e-03 4.841181449592113495e-03 3.008159622550010681e-02 2.095986902713775635e-02 1.270393002778291702e-02 9.705100208520889282e-03 9.193155914545059204e-03 2.136107068508863449e-03
4.400000000000000000e+04 3.700078232213854790e-04 3.581531345844268799e-04 3.693232138175517321e-04 9.159521432593464851e-04 1.518191420473158360e-03 1.249944698065519333e-02 9.510807693004608154e-03 9.171525947749614716e-03 8.929295465350151062e-03 5.853161681443452835e-03 4.466158803552389145e-03 3.018806688487529755e-02 2.044802345335483551e-02 1.249945722520351410e-02 9.510807693004608154e-03 9.171523153781890869e-03 2.089418005198240280e-03
4.500000000000000000e+04 3.310439351480454206e-04 3.318922244943678379e-04 3.708781732711941004e-04 8.209369843825697899e-04 1.491503673605620861e-03 1.237127371132373810e-02 9.415900334715843201e-03 9.139502421021461487e-03 8.223433978855609894e-03 5.780908744782209396e-03 4.561401437968015671e-03 2.910026721656322479e-02 2.158466540277004242e-02 1.237128023058176041e-02 9.415897540748119354e-03 9.139505214989185333e-03 2.072503091767430305e-03
4.600000000000000000e+04 3.316647780593484640e-04 3.273697802796959877e-04 2.288378076627850533e-03 1.136233913712203503e-03 1.436797785572707653e-03 1.226485893130302429e-02 9.334727190434932709e-03 9.089875034987926483e-03 7.869919762015342712e-03 5.601935554295778275e-03 6.936832796782255173e-03 2.804626710712909698e-02 2.173734083771705627e-02 1.226486265659332275e-02 9.334726259112358093e-03 9.089879691600799561e-03 2.049544593319296837e-03
4.700000000000000000e+04 3.120518522337079048e-04 3.069883096031844616e-04 1.627152669243514538e-03 1.321597723290324211e-03 1.479547587223351002e-03 1.230382639914751053e-02 9.312918409705162048e-03 9.059113450348377228e-03 7.783444132655858994e-03 5.436480510979890823e-03 6.025985348969697952e-03 2.714213728904724121e-02 2.245027571916580200e-02 1.230382360517978668e-02 9.312906302511692047e-03 9.059111587703227997e-03 2.041202271357178688e-03
4.800000000000000000e+04 2.889609895646572113e-04 2.705432125367224216e-04 3.962552582379430532e-04 6.555336294695734978e-04 1.344500458799302578e-03 1.225030887871980667e-02 9.246686473488807678e-03 9.027297608554363251e-03 7.331523578613996506e-03 5.225724540650844574e-03 4.929648246616125107e-03 2.496574632823467255e-02 2.221393771469593048e-02 1.225031353533267975e-02 9.246687404811382294e-03 9.027297608554363251e-03 2.007111441344022751e-03
4.900000000000000000e+04 9.055564296431839466e-04 1.130286022089421749e-03 8.423703908920288086e-02 5.149407312273979187e-02 1.330120838247239590e-03 1.242811977863311768e-02 9.469569660723209381e-03 9.029944427311420441e-03 8.045100606977939606e-03 6.355092860758304596e-03 8.343173563480377197e-02 7.552881538867950439e-02 2.190890163183212280e-02 1.242813467979431152e-02 9.469583630561828613e-03 9.029948152601718903e-03 2.131666755303740501e-03
5.000000000000000000e+04 2.860657696146517992e-04 2.614666009321808815e-04 1.203643623739480972e-03 1.154128462076187134e-03 1.305955811403691769e-03 1.223074737936258316e-02 9.141825139522552490e-03 8.971020579338073730e-03 6.957883946597576141e-03 4.951815120875835419e-03 5.530480761080980301e-03 2.413783222436904907e-02 2.129183337092399597e-02 1.223073899745941162e-02 9.141825139522552490e-03 8.971018716692924500e-03 1.959102461114525795e-03
5.100000000000000000e+04 8.057485520839691162e-02 1.720873475074768066e+00 1.651184201240539551e+00 2.080222845077514648e+00 1.912664175033569336e+00 1.605881191790103912e-02 2.444965019822120667e-02 2.446010708808898926e-02 2.191545814275741577e-01 1.753036141395568848e+00 1.700936079025268555e+00 2.561871528625488281e+00 2.776199817657470703e+00 1.605880446732044220e-02 2.444964274764060974e-02 2.446011081337928772e-02 3.215697035193443298e-02
5.200000000000000000e+04 3.032691602129489183e-04 3.486450004857033491e-04 1.049368642270565033e-03 8.963393047451972961e-04 2.094003139063715935e-03 1.274123601615428925e-02 1.001453958451747894e-02 9.268520399928092957e-03 7.032475899904966354e-03 6.383201107382774353e-03 1.068704202771186829e-02 1.748371869325637817e-02 2.401684597134590149e-02 1.274122763425111771e-02 1.001453585922718048e-02 9.268518537282943726e-03 2.129227388650178909e-03
5.300000000000000000e+04 2.362400264246389270e-04 2.914103679358959198e-04 6.614197045564651489e-04 6.206330726854503155e-04 1.493849093094468117e-03 1.253218762576580048e-02 9.739919565618038177e-03 9.224255569279193878e-03 7.340400479733943939e-03 6.117545068264007568e-03 7.023898884654045105e-03 1.749063283205032349e-02 2.091815508902072906e-02 1.253217924386262894e-02 9.739913046360015869e-03 9.224255569279193878e-03 1.977089326828718185e-03
5.400000000000000000e+04 2.280885819345712662e-04 2.556353865657001734e-04 5.160208675079047680e-04 5.429394077509641647e-04 1.300714095123112202e-03 1.234950497746467590e-02 9.521635249257087708e-03 9.127658791840076447e-03 7.807644549757242203e-03 5.999729968607425690e-03 5.306742154061794281e-03 1.771727576851844788e-02 1.905511505901813507e-02 1.234949473291635513e-02 9.521642699837684631e-03 9.127661585807800293e-03 1.915532397106289864e-03
5.500000000000000000e+04 2.412088942946866155e-04 2.409541339147835970e-04 4.382912593428045511e-04 5.312657449394464493e-04 1.211640657857060432e-03 1.227416377514600754e-02 9.401078335940837860e-03 9.064059704542160034e-03 7.652723696082830429e-03 5.853398703038692474e-03 4.598139785230159760e-03 1.896210573613643646e-02 1.929398067295551300e-02 1.227417215704917908e-02 9.401081129908561707e-03 9.064059704542160034e-03 1.897796522825956345e-03
5.600000000000000000e+04 2.494859218131750822e-04 2.415816270513460040e-04 5.084600416012108326e-04 5.795424222014844418e-04 1.163072534836828709e-03 1.224099844694137573e-02 9.324778802692890167e-03 9.029825218021869659e-03 7.122465409338474274e-03 5.730890668928623199e-03 4.986253567039966583e-03 2.128001116216182709e-02 2.061133459210395813e-02 1.224099472165107727e-02 9.324781596660614014e-03 9.029829874634742737e-03 1.902409130707383156e-03
5.700000000000000000e+04 2.575457037892192602e-04 2.381089288974180818e-04 1.305099227465689182e-03 8.702307823114097118e-04 1.184012508019804955e-03 1.225332077592611313e-02 9.255550801753997803e-03 8.981464430689811707e-03 7.458359934389591217e-03 5.623650271445512772e-03 5.326637998223304749e-03 2.232960797846317291e-02 2.141258306801319122e-02 1.225331239402294159e-02 9.255545213818550110e-03 8.981467224657535553e-03 1.956914784386754036e-03
5.800000000000000000e+04 2.506160235498100519e-04 2.316863246960565448e-04 2.984996885061264038e-03 1.394324121065437794e-03 1.078515779227018356e-03 1.218884810805320740e-02 9.143224917352199554e-03 8.925243280827999115e-03 6.703905295580625534e-03 5.246492102742195129e-03 7.829152978956699371e-03 2.225066721439361572e-02 2.017368189990520477e-02 1.218885276466608047e-02 9.143224917352199554e-03 8.925242349505424500e-03 1.861425815150141716e-03
5.900000000000000000e+04 2.100267010973766446e-04 1.657367101870477200e-04 3.024338220711797476e-04 4.897222388535737991e-04 1.013432163745164871e-03 1.222234219312667847e-02 9.113080799579620361e-03 8.921175263822078705e-03 6.487727165222167969e-03 5.078812595456838608e-03 4.342902917414903641e-03 2.186317555606365204e-02 2.056739106774330139e-02 1.222233846783638000e-02 9.113081730902194977e-03 8.921178057789802551e-03 1.848876476287841797e-03
6.000000000000000000e+04 3.734641359187662601e-04 3.218165365979075432e-04 1.437497790902853012e-02 3.377418965101242065e-03 1.325090997852385044e-03 1.243528723716735840e-02 9.073521010577678680e-03 8.894349448382854462e-03 6.229571998119354248e-03 5.175691563636064529e-03 1.710802875459194183e-02 2.510119043290615082e-02 2.192808873951435089e-02 1.243529003113508224e-02 9.073515422642230988e-03 8.894352242350578308e-03 1.844026730395853519e-03
6.100000000000000000e+04 3.197831800207495689e-03 3.671060083433985710e-03 4.291911143809556961e-03 4.113158676773309708e-03 9.610976092517375946e-03 1.283928658813238144e-02 1.036574505269527435e-02 9.382792748510837555e-03 3.516143932938575745e-02 2.430465631186962128e-02 2.541624754667282104e-02 1.703702285885810852e-02 2.600083872675895691e-02 1.283928286284208298e-02 1.036574691534042358e-02 9.382794611155986786e-03 3.603951307013630867e-03
6.200000000000000000e+04 6.192354485392570496e-04 3.156820603180676699e-04 7.494593155570328236e-04 1.061835675500333309e-03 1.645943732000887394e-03 1.259632781147956848e-02 9.736974723637104034e-03 9.179389104247093201e-03 9.737606160342693329e-03 5.310440436005592346e-03 8.172572590410709381e-03 1.532036531716585159e-02 1.640160754323005676e-02 1.259632967412471771e-02 9.736975654959678650e-03 9.179388172924518585e-03 2.054802374914288521e-03
6.300000000000000000e+04 3.534446877893060446e-04 2.419936645310372114e-04 4.185134894214570522e-04 6.690898444503545761e-04 1.185346860438585281e-03 1.242261007428169250e-02 9.507029317319393158e-03 9.071364067494869232e-03 8.423158898949623108e-03 5.010228604078292847e-03 4.440295975655317307e-03 1.508594304323196411e-02 1.690089330077171326e-02 1.242260914295911789e-02 9.507030248641967773e-03 9.071358479559421539e-03 1.883358345367014408e-03
6.400000000000000000e+04 2.716847811825573444e-04 1.977394858840852976e-04 3.399775596335530281e-04 5.520583363249897957e-04 1.051773666404187679e-03 1.232502330094575882e-02 9.343355894088745117e-03 9.013777598738670349e-03 7.721720729023218155e-03 5.022269207984209061e-03 3.450257703661918640e-03 1.595217175781726837e-02 1.727577857673168182e-02 1.232503820210695267e-02 9.343359619379043579e-03 9.013780392706394196e-03 1.806542393751442432e-03
6.500000000000000000e+04 2.316163008799776435e-04 1.817090233089402318e-04 3.074792039114981890e-04 5.391796003095805645e-04 9.934776462614536285e-04 1.228469237685203552e-02 9.243344888091087341e-03 8.983398787677288055e-03 7.398705929517745972e-03 5.072409287095069885e-03 3.450840711593627930e-03 1.796808466315269470e-02 1.848977617919445038e-02 1.228469796478748322e-02 9.243346750736236572e-03 8.983398787677288055e-03 1.797447795979678631e-03
6.600000000000000000e+04 2.153888635803014040e-04 1.635414373595267534e-04 3.182310028932988644e-04 5.089183687232434750e-04 9.326660656370222569e-04 1.225785538554191589e-02 9.177352301776409149e-03 8.943030610680580139e-03 7.307910826057195663e-03 5.030452739447355270e-03 3.590718843042850494e-03 1.869786903262138367e-02 1.905859634280204773e-02 1.225786563009023666e-02 9.177355095744132996e-03 8.943027816712856293e-03 1.801855047233402729e-03
6.700000000000000000e+04 2.065316220978274941e-04 1.459881314076483250e-04 3.202939697075635195e-04 4.788578953593969345e-04 8.621061570011079311e-04 1.223771739751100540e-02 9.108141064643859863e-03 8.899379521608352661e-03 7.596655748784542084e-03 4.893407225608825684e-03 3.758371574804186821e-03 1.947882957756519318e-02 1.931870914995670319e-02 1.223770808428525925e-02 9.108149446547031403e-03 8.899386040866374969e-03 1.810872927308082581e-03
6.800000000000000000e+04 2.785595424938946962e-04 2.180773881264030933e-04 5.609407089650630951e-03 3.348147729411721230e-03 9.020983707159757614e-04 1.221988350152969360e-02 9.014316834509372711e-03 8.869226090610027313e-03 7.475471124053001404e-03 4.875627346336841583e-03 9.782555513083934784e-03 2.368804253637790680e-02 1.931667327880859375e-02 1.221987511962652206e-02 9.014314040541648865e-03 8.869227953255176544e-03 1.820108969695866108e-03
6.900000000000000000e+04 2.072749630315229297e-04 1.624895085114985704e-04 1.053983112797141075e-03 9.231474832631647587e-04 8.587774937041103840e-04 1.223993021994829178e-02 9.008822962641716003e-03 8.864195086061954498e-03 6.081114057451486588e-03 4.977492615580558777e-03 4.928790964186191559e-03 2.154895663261413574e-02 2.019246108829975128e-02 1.223994139581918716e-02 9.008821099996566772e-03 8.864192292094230652e-03 1.790937501937150955e-03
7.000000000000000000e+04 6.225435528904199600e-03 5.615867208689451218e-03 8.645116351544857025e-03 7.382513023912906647e-03 2.979394793510437012e-02 1.334638055413961411e-02 1.119230035692453384e-02 9.599063545465469360e-03 8.686351776123046875e-02 1.353347115218639374e-02 5.569903552532196045e-02 2.035178616642951965e-02 6.649422645568847656e-02 1.334638334810733795e-02 1.119230221956968307e-02 9.599065408110618591e-03 4.747454542666673660e-03
7.100000000000000000e+04 6.121273036114871502e-04 3.823727893177419901e-04 4.157744988333433867e-04 7.827061926946043968e-04 1.176012563519179821e-03 1.264609768986701965e-02 9.410896338522434235e-03 8.874495513737201691e-03 1.596746407449245453e-02 4.851300269365310669e-03 3.776457160711288452e-03 1.846742816269397736e-02 1.552201528102159500e-02 1.264610234647989273e-02 9.410892613232135773e-03 8.874495513737201691e-03 2.134795766323804855e-03
7.200000000000000000e+04 4.195801739115267992e-04 2.326159883523359895e-04 2.507667522877454758e-04 5.079620750620961189e-04 8.342544315382838249e-04 1.244797743856906891e-02 9.179115295410156250e-03 8.751231245696544647e-03 1.279080752283334732e-02 4.315285943448543549e-03 2.926660003140568733e-03 1.895952038466930389e-02 1.445880066603422165e-02 1.244798675179481506e-02 9.179118089377880096e-03 8.751229383051395416e-03 1.916786422953009605e-03
7.300000000000000000e+04 3.092021506745368242e-04 1.675261737545952201e-04 2.599104482214897871e-04 4.751413944177329540e-04 7.751959492452442646e-04 1.236242614686489105e-02 9.082844480872154236e-03 8.625985123217105865e-03 1.013619732111692429e-02 4.350756295025348663e-03 3.347712568938732147e-03 1.929977349936962128e-02 1.500825118273496628e-02 1.236242055892944336e-02 9.082844480872154236e-03 8.625986985862255096e-03 1.829123124480247498e-03
7.400000000000000000e+04 2.442274708300828934e-04 1.426533272024244070e-04 2.610173251014202833e-04 4.612877091858536005e-04 7.432426209561526775e-04 1.236536819487810135e-02 9.029684588313102722e-03 8.341692388057708740e-03 8.378416299819946289e-03 4.393040202558040619e-03 3.847040934488177299e-03 1.994434185326099396e-02 1.614114642143249512e-02 1.236535701900720596e-02 9.029683656990528107e-03 8.341691456735134125e-03 1.789031550288200378e-03
7.500000000000000000e+04 4.429986292961984873e-04 5.944565054960548878e-04 7.669440470635890961e-03 3.175262128934264183e-03 1.609362312592566013e-03 1.252628676593303680e-02 9.061657823622226715e-03 8.031931705772876740e-03 8.623003959655761719e-03 5.342326592653989792e-03 1.043243799358606339e-02 2.343272976577281952e-02 1.921064965426921844e-02 1.252628676593303680e-02 9.061655960977077484e-03 8.031931705772876740e-03 1.897414214909076691e-03
7.600000000000000000e+04 1.942952076205983758e-04 1.279831340070813894e-04 7.537407218478620052e-04 5.510994815267622471e-04 7.171192555688321590e-04 1.234579272568225861e-02 8.953360840678215027e-03 7.879573851823806763e-03 7.131025660783052444e-03 4.581118468195199966e-03 4.583038855344057083e-03 2.173842489719390869e-02 1.762434281408786774e-02 1.234580948948860168e-02 8.953357115387916565e-03 7.879573851823806763e-03 1.780228922143578529e-03
7.700000000000000000e+04 1.988661679206416011e-04 1.882574288174510002e-04 2.511519705876708031e-03 1.380797591991722584e-03 7.727433694526553154e-04 1.237906701862812042e-02 8.951004594564437866e-03 7.856385782361030579e-03 7.203159853816032410e-03 4.771222360432147980e-03 5.705726798623800278e-03 2.261646278202533722e-02 1.836023665964603424e-02 1.237905491143465042e-02 8.951008319854736328e-03 7.856388576328754425e-03 1.809109468013048172e-03
7.800000000000000000e+04 3.982434573117643595e-04 3.964361385442316532e-04 3.010721132159233093e-02 1.254989113658666611e-02 8.465006831102073193e-04 1.222857274115085602e-02 8.836141787469387054e-03 7.808879949152469635e-03 6.227420642971992493e-03 4.731147550046443939e-03 3.620771691203117371e-02 3.571181371808052063e-02 1.684996299445629120e-02 1.222856529057025909e-02 8.836137130856513977e-03 7.808877155184745789e-03 1.795718213543295860e-03
7.900000000000000000e+04 1.350460574030876160e-03 7.327191415242850780e-04 3.786250483244657516e-03 4.492330830544233322e-03 4.464878235012292862e-03 1.271080877631902695e-02 9.523311629891395569e-03 8.188212290406227112e-03 1.199563127011060715e-02 6.339733954519033432e-03 1.218041311949491501e-02 6.784373521804809570e-02 2.662609145045280457e-02 1.271081250160932541e-02 9.523309767246246338e-03 8.188211359083652496e-03 3.014676040038466454e-03
8.000000000000000000e+04 2.758392947725951672e-04 1.963300601346418262e-04 3.845907049253582954e-04 8.390211733058094978e-04 1.145963091403245926e-03 1.254718285053968430e-02 9.374903514981269836e-03 8.084862492978572845e-03 9.930645115673542023e-03 4.596131853759288788e-03 4.828814417123794556e-03 3.153399005532264709e-02 2.016731165349483490e-02 1.254718657582998276e-02 9.374904446303844452e-03 8.084867149591445923e-03 1.993437297642230988e-03
8.100000000000000000e+04 2.565170289017260075e-04 1.529086293885484338e-04 2.938277903012931347e-04 5.205014022067189217e-04 8.322378853335976601e-04 1.244812179356813431e-02 9.208735078573226929e-03 7.947781123220920563e-03 1.001397799700498581e-02 4.413189832121133804e-03 4.355140496045351028e-03 2.803260460495948792e-02 1.693351007997989655e-02 1.244811899960041046e-02 9.208732284605503082e-03 7.947781123220920563e-03 1.872951630502939224e-03
8.200000000000000000e+04 2.146756160072982311e-04 1.239993871422484517e-04 2.611259405966848135e-04 3.705032868310809135e-04 7.267741020768880844e-04 1.235139369964599609e-02 9.095181711018085480e-03 7.896233350038528442e-03 8.247883990406990051e-03 4.494700580835342407e-03 4.144038073718547821e-03 2.477747388184070587e-02 1.575411111116409302e-02 1.235137507319450378e-02 9.095180779695510864e-03 7.896232418715953827e-03 1.768753747455775738e-03
8.300000000000000000e+04 1.856877643149346113e-04 1.156733560492284596e-04 2.471666957717388868e-04 3.397212421987205744e-04 6.683751707896590233e-04 1.230351626873016357e-02 8.995133452117443085e-03 7.850825786590576172e-03 7.782050874084234238e-03 4.503998905420303345e-03 4.523804411292076111e-03 2.553163282573223114e-02 1.600706577301025391e-02 1.230352930724620819e-02 8.995126001536846161e-03 7.850828580558300018e-03 1.751913456246256828e-03
8.400000000000000000e+04 1.709600473986938596e-04 1.132191318902187049e-04 2.445032296236604452e-04 3.366736928001046181e-04 6.426674081012606621e-04 1.227023173123598099e-02 8.943469263613224030e-03 7.821520790457725525e-03 7.776675280183553696e-03 4.503687378019094467e-03 4.844737704843282700e-03 2.588150277733802795e-02 1.662265323102474213e-02 1.227023173123598099e-02 8.943466469645500183e-03 7.821516133844852448e-03 1.774376491084694862e-03
8.500000000000000000e+04 1.781919127097353339e-04 1.311634841840714216e-04 8.159916033037006855e-04 4.915841273032128811e-04 6.530710379593074322e-04 1.222778018563985825e-02 8.900606073439121246e-03 7.791920565068721771e-03 8.123272098600864410e-03 4.552475642412900925e-03 5.966956727206707001e-03 2.577978745102882385e-02 1.654366217553615570e-02 1.222776994109153748e-02 8.900598622858524323e-03 7.791919168084859848e-03 1.799274468794465065e-03
8.600000000000000000e+04 3.612695145420730114e-04 4.674165102187544107e-04 1.215217821300029755e-02 3.197549143806099892e-03 1.486430177465081215e-03 1.217485032975673676e-02 8.857093751430511475e-03 7.779628969728946686e-03 7.768221665173768997e-03 4.956271033734083176e-03 1.835538260638713837e-02 2.904883958399295807e-02 1.590793021023273468e-02 1.217484474182128906e-02 8.857090957462787628e-03 7.779628969728946686e-03 1.821695826947689056e-03
8.700000000000000000e+04 4.809737147297710180e-04 4.234802327118813992e-04 1.027803518809378147e-03 1.227450673468410969e-03 1.829429878853261471e-03 1.261473167687654495e-02 9.434332139790058136e-03 8.287906646728515625e-03 6.851669866591691971e-03 5.624971352517604828e-03 8.558770641684532166e-03 3.049066103994846344e-02 2.472669258713722229e-02 1.261474378407001495e-02 9.434320963919162750e-03 8.287904784083366394e-03 2.119458978995680809e-03
8.800000000000000000e+04 2.202626201324164867e-04 1.647501194383949041e-04 2.781542716547846794e-04 4.735094553325325251e-04 7.313889800570905209e-04 1.242965739220380783e-02 9.057763032615184784e-03 7.927456870675086975e-03 8.067304268479347229e-03 4.085416905581951141e-03 5.550205241888761520e-03 2.621690370142459869e-02 1.796047948300838470e-02 1.242965459823608398e-02 9.057766757905483246e-03 7.927456870675086975e-03 1.841182354837656021e-03
8.900000000000000000e+04 1.865253143478184938e-04 1.322843454545363784e-04 1.010295120067894459e-03 5.695909494534134865e-04 6.851110956631600857e-04 1.231428142637014389e-02 8.962975814938545227e-03 7.880357094109058380e-03 7.516867481172084808e-03 4.148990381509065628e-03 5.445090122520923615e-03 2.332087419927120209e-02 1.653231680393218994e-02 1.231427025049924850e-02 8.962975814938545227e-03 7.880360819399356842e-03 1.795588410459458828e-03
9.000000000000000000e+04 1.634971413295716047e-04 1.043851661961525679e-04 2.681408950593322515e-04 3.311594191472977400e-04 5.982517031952738762e-04 1.223029475659132004e-02 8.851746097207069397e-03 7.809454575181007385e-03 7.404252421110868454e-03 4.009451717138290405e-03 6.165411323308944702e-03 2.703461796045303345e-02 1.654413715004920959e-02 1.223029289394617081e-02 8.851746097207069397e-03 7.809450849890708923e-03 1.772107556462287903e-03
9.100000000000000000e+04 4.922660300508141518e-04 2.909559989348053932e-04 9.961012983694672585e-04 6.707025459036231041e-04 7.827642257325351238e-04 1.212302595376968384e-02 8.833804167807102203e-03 7.880158722400665283e-03 6.321602966636419296e-03 4.357836209237575531e-03 7.412004750221967697e-03 2.546612545847892761e-02 1.828167028725147247e-02 1.212302036583423615e-02 8.833802305161952972e-03 7.880161516368389130e-03 1.755795092321932316e-03
9.200000000000000000e+04 1.578555529704317451e-04 9.933117689797654748e-05 3.696507192216813564e-04 3.201827348675578833e-04 5.523192230612039566e-04 1.218335051089525223e-02 8.763512596487998962e-03 7.726223673671483994e-03 8.977261371910572052e-03 4.074289463460445404e-03 7.332494948059320450e-03 3.073498420417308807e-02 1.674521155655384064e-02 1.218334771692752838e-02 8.763517253100872040e-03 7.726220414042472839e-03 1.837127259932458401e-03
9.300000000000000000e+04 1.707186456769704819e-04 9.897920972434803843e-05 7.564876577816903591e-04 5.701427580788731575e-04 6.248363060876727104e-04 1.218144036829471588e-02 8.757263422012329102e-03 7.699560374021530151e-03 1.233886834233999252e-02 4.295423161238431931e-03 7.466489914804697037e-03 3.049109131097793579e-02 1.757984049618244171e-02 1.218146178871393204e-02 8.757257834076881409e-03 7.699550129473209381e-03 1.943980227224528790e-03
9.400000000000000000e+04 1.658372493693605065e-04 1.303943136008456349e-04 3.741403110325336456e-03 1.777843805029988289e-03 5.273174610920250416e-04 1.218952611088752747e-02 8.747954852879047394e-03 7.636918686330318451e-03 1.330976188182830811e-02 4.373777192085981369e-03 8.936466649174690247e-03 3.111772052943706512e-02 1.674972847104072571e-02 1.218952331691980362e-02 8.747952058911323547e-03 7.636918686330318451e-03 1.961329486221075058e-03
