# step, loss_train, loss_test, metrics_test
0.000000000000000000e+00 5.771870538592338562e-02 1.774801500141620636e-02 5.000472167968750000e+03 2.888879299163818359e+00 1.882326006889343262e+00 3.290342712402343750e+01 4.306188106536865234e+00 6.375229358673095703e-02 2.013479173183441162e-02 4.983754394531250000e+03 2.772370100021362305e+00 2.213385105133056641e+00 3.290342712402343750e+01 4.306188106536865234e+00 6.702087819576263428e-02
1.000000000000000000e+03 1.121865868568420410e+00 3.361729383468627930e-01 2.497576475143432617e-01 1.619200408458709717e-01 6.511773467063903809e-01 9.928777694702148438e+00 1.093093082308769226e-01 2.103069782257080078e+00 6.042375564575195312e-01 1.593546390533447266e+00 2.575343549251556396e-01 1.322851300239562988e+00 9.928777694702148438e+00 1.093093082308769226e-01 3.626558557152748108e-02
2.000000000000000000e+03 2.906618118286132812e-01 1.381991505622863770e-01 1.538378596305847168e-01 3.300604224205017090e-02 3.224992156028747559e-01 3.516892671585083008e+00 1.124517396092414856e-01 7.696706056594848633e-01 2.972753942012786865e-01 1.001856446266174316e+00 4.981000348925590515e-02 7.384819388389587402e-01 3.516892671585083008e+00 1.124517396092414856e-01 1.964017562568187714e-02
3.000000000000000000e+03 1.184397935867309570e-01 8.198314160108566284e-02 8.654553443193435669e-02 2.307463623583316803e-02 2.026271522045135498e-01 1.440975904464721680e+00 1.076709255576133728e-01 3.193061351776123047e-01 1.828829050064086914e-01 5.736819505691528320e-01 4.253588616847991943e-02 4.729882776737213135e-01 1.440975904464721680e+00 1.076709255576133728e-01 1.242425106465816498e-02
4.000000000000000000e+03 6.913873553276062012e-02 5.500192567706108093e-02 5.716968327760696411e-02 1.546578854322433472e-02 1.311981379985809326e-01 6.446704864501953125e-01 1.043231636285781860e-01 1.919569969177246094e-01 1.335644572973251343e-01 3.309127986431121826e-01 4.222590848803520203e-02 3.090808391571044922e-01 6.446704864501953125e-01 1.043231636285781860e-01 8.946121670305728912e-03
5.000000000000000000e+03 4.767993837594985962e-02 3.464575484395027161e-02 3.375876322388648987e-02 1.456592045724391937e-02 8.650859445333480835e-02 3.317896723747253418e-01 1.015829667448997498e-01 1.435418725013732910e-01 9.239620715379714966e-02 2.000248432159423828e-01 5.985708907246589661e-02 2.097034156322479248e-01 3.317896723747253418e-01 1.015829667448997498e-01 7.196103222668170929e-03
6.000000000000000000e+03 2.770218811929225922e-02 1.700569130480289459e-02 1.779785193502902985e-02 1.575396955013275146e-02 5.954023078083992004e-02 2.088083326816558838e-01 9.717808663845062256e-02 9.397052228450775146e-02 4.517817124724388123e-02 2.014746367931365967e-01 9.761860221624374390e-02 1.591280996799468994e-01 2.088083326816558838e-01 9.717808663845062256e-02 5.930060986429452896e-03
7.000000000000000000e+03 1.372417900711297989e-02 7.519388105720281601e-03 1.284047309309244156e-02 1.416631881147623062e-02 4.413712397217750549e-02 1.634207665920257568e-01 9.349653124809265137e-02 5.576606467366218567e-02 2.265709638595581055e-02 2.358013540506362915e-01 1.037177443504333496e-01 1.308425217866897583e-01 1.634207665920257568e-01 9.349653124809265137e-02 4.913750104606151581e-03
8.000000000000000000e+03 1.021111570298671722e-02 5.231397226452827454e-03 1.024492923170328140e-02 1.172594074159860611e-02 3.219709917902946472e-02 1.474163830280303955e-01 9.028565883636474609e-02 4.591425508260726929e-02 1.889386214315891266e-02 2.083018571138381958e-01 8.684459328651428223e-02 1.080377399921417236e-01 1.474163830280303955e-01 9.028565883636474609e-02 4.396582953631877899e-03
9.000000000000000000e+03 1.151028648018836975e-02 6.092100404202938080e-03 4.000324010848999023e-02 1.334462463855743408e-01 3.965418413281440735e-02 1.414023339748382568e-01 8.571604639291763306e-02 4.188738390803337097e-02 1.891116239130496979e-02 1.961671113967895508e-01 2.401080280542373657e-01 1.238974854350090027e-01 1.414023339748382568e-01 8.571604639291763306e-02 4.316945560276508331e-03
1.000000000000000000e+04 5.514101125299930573e-03 4.610842093825340271e-03 5.681585054844617844e-03 6.876443512737751007e-03 1.612788997590541840e-02 1.396045386791229248e-01 8.571518212556838989e-02 3.089106641709804535e-02 1.951554976403713226e-02 1.479434520006179810e-01 5.459881946444511414e-02 7.698810845613479614e-02 1.396045386791229248e-01 8.571518212556838989e-02 3.488532034680247307e-03
1.100000000000000000e+04 4.844487179070711136e-03 4.182976204901933670e-03 3.983970731496810913e-03 5.258807912468910217e-03 1.178178843110799789e-02 1.386330425739288330e-01 8.425603806972503662e-02 2.956481836736202240e-02 2.001668326556682587e-02 1.262082755565643311e-01 4.505318403244018555e-02 6.596016138792037964e-02 1.386330425739288330e-01 8.425603806972503662e-02 3.150049131363630295e-03
1.200000000000000000e+04 4.425020422786474228e-03 3.559294156730175018e-03 2.502947673201560974e-02 2.054593339562416077e-02 9.653502143919467926e-03 1.382997632026672363e-01 8.390899747610092163e-02 2.766194939613342285e-02 1.739297062158584595e-02 1.057502627372741699e-01 5.639694631099700928e-02 6.183220073580741882e-02 1.382997632026672363e-01 8.390899747610092163e-02 3.045639023184776306e-03
1.300000000000000000e+04 3.557375632226467133e-03 2.833573846146464348e-03 3.410411998629570007e-03 4.136037081480026245e-03 7.391580380499362946e-03 1.377084553241729736e-01 8.265600353479385376e-02 2.506195940077304840e-02 1.507625076919794083e-02 9.411528706550598145e-02 3.921329230070114136e-02 5.032820254564285278e-02 1.377084553241729736e-01 8.265600353479385376e-02 2.856246894225478172e-03
1.400000000000000000e+04 3.051833948120474815e-03 2.226159209385514259e-03 2.829296747222542763e-03 4.204863216727972031e-03 6.100027356296777725e-03 1.377516388893127441e-01 8.216576278209686279e-02 2.290426939725875854e-02 1.249225717037916183e-02 7.946807891130447388e-02 4.003713652491569519e-02 4.577214643359184265e-02 1.377516388893127441e-01 8.216576278209686279e-02 2.733530476689338684e-03
1.500000000000000000e+04 2.791353501379489899e-03 1.834619441069662571e-03 4.948317259550094604e-02 2.349768020212650299e-02 5.323055200278759003e-03 1.374024599790573120e-01 8.154399693012237549e-02 2.126499824225902557e-02 1.067366916686296463e-02 1.386123299598693848e-01 6.366412341594696045e-02 3.961870446801185608e-02 1.374024599790573120e-01 8.154399693012237549e-02 2.652516122907400131e-03
1.600000000000000000e+04 2.410239074379205704e-03 1.431117765605449677e-03 2.562156179919838905e-03 5.216045770794153214e-03 5.012203473597764969e-03 1.375526040792465210e-01 8.142786473035812378e-02 1.967064850032329559e-02 8.941445499658584595e-03 6.509868055582046509e-02 4.042337834835052490e-02 4.077004268765449524e-02 1.375526040792465210e-01 8.142786473035812378e-02 2.555008046329021454e-03
1.700000000000000000e+04 2.105885883793234825e-03 1.179622136987745762e-03 1.089787017554044724e-02 7.109287194907665253e-03 3.989498596638441086e-03 1.373719871044158936e-01 8.127646148204803467e-02 1.872121356427669525e-02 7.979386486113071442e-03 7.737890630960464478e-02 4.434942454099655151e-02 3.586339205503463745e-02 1.373719871044158936e-01 8.127646148204803467e-02 2.471225569024682045e-03
1.800000000000000000e+04 2.033765194937586784e-03 1.060772221535444260e-03 1.055623311549425125e-02 5.268850829452276230e-03 3.777620615437626839e-03 1.374079138040542603e-01 8.121147751808166504e-02 1.792902126908302307e-02 6.966721732169389725e-03 5.529703199863433838e-02 3.980215266346931458e-02 3.687298670411109924e-02 1.374079138040542603e-01 8.121147751808166504e-02 2.454813802614808083e-03
1.900000000000000000e+04 1.847197650931775570e-03 9.532741387374699116e-04 1.522894389927387238e-02 6.716507486999034882e-03 3.309690626338124275e-03 1.375258862972259521e-01 8.100998401641845703e-02 1.742637902498245239e-02 6.584895309060811996e-03 6.218843907117843628e-02 3.985136747360229492e-02 3.681147471070289612e-02 1.375258862972259521e-01 8.100998401641845703e-02 2.373952651396393776e-03
2.000000000000000000e+04 1.597415423020720482e-03 8.729468099772930145e-04 1.195478020235896111e-03 2.542767440900206566e-03 3.221408696845173836e-03 1.373407095670700073e-01 8.057705312967300415e-02 1.716521196067333221e-02 6.255412474274635315e-03 7.235445082187652588e-02 3.902903571724891663e-02 4.644613340497016907e-02 1.373407095670700073e-01 8.057705312967300415e-02 2.288741525262594223e-03
2.100000000000000000e+04 1.369967241771519184e-03 7.917046314105391502e-04 3.444486996158957481e-03 2.548461779952049255e-03 2.679219236597418785e-03 1.372877359390258789e-01 8.009462803602218628e-02 1.839160732924938202e-02 6.681227125227451324e-03 1.212272942066192627e-01 4.799191653728485107e-02 5.804683640599250793e-02 1.372877359390258789e-01 8.009462803602218628e-02 2.176112262532114983e-03
2.200000000000000000e+04 1.177195226773619652e-03 8.258273010142147541e-04 1.163626555353403091e-03 2.054745098575949669e-03 3.774880431592464447e-03 1.373530626296997070e-01 7.897876948118209839e-02 2.233964018523693085e-02 7.521902211010456085e-03 2.026376426219940186e-01 7.169985771179199219e-02 1.694089621305465698e-01 1.373530626296997070e-01 7.897876948118209839e-02 2.242691814899444580e-03
2.300000000000000000e+04 9.767299052327871323e-04 6.877030828036367893e-04 5.662243347615003586e-03 2.686370862647891045e-03 2.714975737035274506e-03 1.369023174047470093e-01 7.573602348566055298e-02 3.928001597523689270e-02 1.747164316475391388e-02 6.494584083557128906e-01 2.553938329219818115e-01 4.675248861312866211e-01 1.369023174047470093e-01 7.573602348566055298e-02 2.152134664356708527e-03
2.400000000000000000e+04 1.005718717351555824e-03 7.374961278401315212e-04 3.105857782065868378e-02 5.915096960961818695e-03 2.752634929493069649e-03 1.368422806262969971e-01 7.231430709362030029e-02 6.438243389129638672e-02 4.099206253886222839e-02 1.135472059249877930e+00 5.832900404930114746e-01 1.878949403762817383e+00 1.368422806262969971e-01 7.231430709362030029e-02 2.351003000512719154e-03
2.500000000000000000e+04 8.927312446758151054e-04 6.055774865671992302e-04 1.181848719716072083e-02 4.568460863083600998e-03 2.844565082341432571e-03 1.369554847478866577e-01 7.073748111724853516e-02 7.019492983818054199e-02 4.393144696950912476e-02 1.227041006088256836e+00 8.149079680442810059e-01 4.118337631225585938e+00 1.369554847478866577e-01 7.073748111724853516e-02 2.407587366178631783e-03
2.600000000000000000e+04 8.965299930423498154e-04 9.821393759921193123e-04 8.749337866902351379e-03 2.733101835474371910e-03 3.231362672522664070e-03 1.365831494331359863e-01 7.028903812170028687e-02 7.666948437690734863e-02 1.583438813686370850e-01 1.742694497108459473e+00 1.154278874397277832e+00 3.376139640808105469e+00 1.365831494331359863e-01 7.028903812170028687e-02 3.088453318923711777e-03
2.700000000000000000e+04 9.743591654114425182e-04 6.950570968911051750e-04 4.785824101418256760e-03 4.883938468992710114e-03 2.880023093894124031e-03 1.367275118827819824e-01 6.936716288328170776e-02 8.577162027359008789e-02 2.942169606685638428e-01 2.094594717025756836e+00 1.578462123870849609e+00 5.079795837402343750e+00 1.367275118827819824e-01 6.936716288328170776e-02 3.751177107915282249e-03
2.800000000000000000e+04 3.583278041332960129e-03 1.787016983143985271e-03 1.163737997412681580e-01 6.859305780380964279e-03 4.145152866840362549e-03 1.367566287517547607e-01 6.897542625665664673e-02 1.093921810388565063e-01 5.239453315734863281e-01 2.508496761322021484e+00 1.895999312400817871e+00 5.617055416107177734e+00 1.367566287517547607e-01 6.897542625665664673e-02 4.602363798767328262e-03
2.900000000000000000e+04 1.137207262217998505e-03 1.519626588560640812e-03 2.839774359017610550e-03 3.323153126984834671e-03 4.825560841709375381e-03 1.372165530920028687e-01 7.154872268438339233e-02 7.425923645496368408e-02 3.018327951431274414e-01 2.285025835037231445e+00 1.200531125068664551e+00 5.527141571044921875e+00 1.372165530920028687e-01 7.154872268438339233e-02 4.006312228739261627e-03
3.000000000000000000e+04 6.320615648292005062e-04 8.442190592177212238e-04 1.462580519728362560e-03 1.505894004367291927e-03 2.645730506628751755e-03 1.367511153221130371e-01 6.964502483606338501e-02 5.391512811183929443e-02 5.688365697860717773e-01 2.896415710449218750e+00 1.776442885398864746e+00 6.174678802490234375e+00 1.367511153221130371e-01 6.964502483606338501e-02 4.740976262837648392e-03
3.100000000000000000e+04 5.048966268077492714e-04 6.695959600619971752e-04 9.156237938441336155e-04 9.344735299237072468e-04 2.100731479004025459e-03 1.366353482007980347e-01 6.872752308845520020e-02 5.676027759909629822e-02 1.042792439460754395e+00 3.233832836151123047e+00 2.275823593139648438e+00 6.528444766998291016e+00 1.366353482007980347e-01 6.872752308845520020e-02 5.804835818707942963e-03
3.200000000000000000e+04 4.619935934897512197e-04 5.904482677578926086e-04 8.176222327165305614e-04 8.477356750518083572e-04 1.906907535158097744e-03 1.365663558244705200e-01 6.847804784774780273e-02 7.575513422489166260e-02 1.352128267288208008e+00 3.531894445419311523e+00 2.599656343460083008e+00 6.785122394561767578e+00 1.365663558244705200e-01 6.847804784774780273e-02 6.312552839517593384e-03
3.300000000000000000e+04 4.384392814245074987e-04 5.892741610296070576e-04 8.092044736258685589e-04 7.256610551849007607e-04 1.725319307297468185e-03 1.364098787307739258e-01 6.805842369794845581e-02 1.349591165781021118e-01 1.908273816108703613e+00 4.064604759216308594e+00 3.051785469055175781e+00 7.340809345245361328e+00 1.364098787307739258e-01 6.805842369794845581e-02 7.193507626652717590e-03
3.400000000000000000e+04 3.969910903833806515e-04 5.441533867269754410e-04 6.660853396169841290e-04 6.993469432927668095e-04 1.641102950088679790e-03 1.363926380872726440e-01 6.786586344242095947e-02 2.213726043701171875e-01 2.349936246871948242e+00 4.500527381896972656e+00 3.345751523971557617e+00 7.691823005676269531e+00 1.363926380872726440e-01 6.786586344242095947e-02 7.774900179356336594e-03
3.500000000000000000e+04 5.974263767711818218e-04 7.446819217875599861e-04 2.283551730215549469e-02 9.872609749436378479e-03 1.705579110421240330e-03 1.363750845193862915e-01 6.773714721202850342e-02 3.327755033969879150e-01 2.848506927490234375e+00 5.118100643157958984e+00 3.747812747955322266e+00 8.168117523193359375e+00 1.363750845193862915e-01 6.773714721202850342e-02 8.293525315821170807e-03
3.600000000000000000e+04 4.336768179200589657e-04 5.058029200881719589e-04 7.951022707857191563e-04 7.169539458118379116e-04 1.395056257024407387e-03 1.362072080373764038e-01 6.769084185361862183e-02 4.589691758155822754e-01 3.125357627868652344e+00 5.782773971557617188e+00 4.102861404418945312e+00 8.051070213317871094e+00 1.362072080373764038e-01 6.769084185361862183e-02 8.686795830726623535e-03
3.700000000000000000e+04 4.226331075187772512e-04 4.783124313689768314e-04 6.806753575801849365e-03 3.177552251145243645e-03 1.353276893496513367e-03 1.362581104040145874e-01 6.748361140489578247e-02 5.670223236083984375e-01 3.686501026153564453e+00 6.541136741638183594e+00 4.736331939697265625e+00 9.579165458679199219e+00 1.362581104040145874e-01 6.748361140489578247e-02 9.150503203272819519e-03
3.800000000000000000e+04 5.365243996493518353e-04 6.417694385163486004e-04 9.693544707261025906e-04 8.187170024029910564e-04 1.521134981885552406e-03 1.362332850694656372e-01 6.826897710561752319e-02 3.571581840515136719e-01 3.527870655059814453e+00 6.699791431427001953e+00 3.819293260574340820e+00 1.068198966979980469e+01 1.362332850694656372e-01 6.826897710561752319e-02 9.309009648859500885e-03
3.900000000000000000e+04 4.574328486341983080e-04 6.301231333054602146e-04 1.787668652832508087e-02 6.128758192062377930e-03 1.666286727413535118e-03 1.361662894487380981e-01 6.728249043226242065e-02 5.311025381088256836e-01 4.646776676177978516e+00 8.143656730651855469e+00 5.182193756103515625e+00 1.020021820068359375e+01 1.361662894487380981e-01 6.728249043226242065e-02 1.020157057791948318e-02
4.000000000000000000e+04 5.271451082080602646e-04 7.721133297309279442e-04 1.166113093495368958e-01 5.594600737094879150e-02 1.525870058685541153e-03 1.362126469612121582e-01 6.738761067390441895e-02 7.462779879570007324e-01 4.904839515686035156e+00 8.721541404724121094e+00 5.905232429504394531e+00 1.140543365478515625e+01 1.362126469612121582e-01 6.738761067390441895e-02 1.033989712595939636e-02
4.100000000000000000e+04 3.216102777514606714e-04 5.431004683487117290e-04 2.808441407978534698e-03 1.507838140241801739e-03 1.210681512020528316e-03 1.360558420419692993e-01 6.702028214931488037e-02 8.520300388336181641e-01 5.004144191741943359e+00 9.422135353088378906e+00 6.486874103546142578e+00 1.230310535430908203e+01 1.360558420419692993e-01 6.702028214931488037e-02 1.038836874067783356e-02
4.200000000000000000e+04 8.693308918736875057e-04 8.292600396089255810e-04 9.321296238340437412e-04 1.251853420399129391e-03 1.493387157097458839e-03 1.362853348255157471e-01 6.863028556108474731e-02 3.482959866523742676e-01 2.836380004882812500e+00 7.935337066650390625e+00 4.364717483520507812e+00 1.209164333343505859e+01 1.362853348255157471e-01 6.863028556108474731e-02 8.551138453185558319e-03
4.300000000000000000e+04 2.736240276135504246e-04 5.100245471112430096e-04 6.304742419160902500e-04 5.378547357395291328e-04 1.048795878887176514e-03 1.360595375299453735e-01 6.769935786724090576e-02 3.722922205924987793e-01 4.115348815917968750e+00 1.007407855987548828e+01 6.043210983276367188e+00 1.411814689636230469e+01 1.360595375299453735e-01 6.769935786724090576e-02 1.032202504575252533e-02
4.400000000000000000e+04 4.402043763548135757e-03 1.504307962022721767e-03 7.493252158164978027e-01 2.548255026340484619e-01 3.875563153997063637e-03 1.369893848896026611e-01 6.772549450397491455e-02 5.057834982872009277e-01 4.927711009979248047e+00 1.176791572570800781e+01 6.952482700347900391e+00 1.505656242370605469e+01 1.369893848896026611e-01 6.772549450397491455e-02 1.070903800427913666e-02
4.500000000000000000e+04 8.169800858013331890e-04 9.592235437594354153e-04 7.825518399477005005e-02 3.969521820545196533e-02 1.383479801006615162e-03 1.359663009643554688e-01 6.706025451421737671e-02 6.825221180915832520e-01 5.474391937255859375e+00 1.172485256195068359e+01 7.248860836029052734e+00 1.339231014251708984e+01 1.359663009643554688e-01 6.706025451421737671e-02 1.136829145252704620e-02
4.600000000000000000e+04 2.439276286168023944e-04 4.096250049769878387e-04 5.285980296321213245e-04 4.280514258425682783e-04 9.207785478793084621e-04 1.358585357666015625e-01 6.689537316560745239e-02 8.339265584945678711e-01 5.924118518829345703e+00 1.258051490783691406e+01 8.176396369934082031e+00 1.614943695068359375e+01 1.358585357666015625e-01 6.689537316560745239e-02 1.161824073642492294e-02
4.700000000000000000e+04 2.339925122214481235e-04 4.584711277857422829e-04 4.360375460237264633e-03 2.448204671964049339e-03 8.533613290637731552e-04 1.358712017536163330e-01 6.674736738204956055e-02 9.302651882171630859e-01 5.909751415252685547e+00 1.316369152069091797e+01 8.669456481933593750e+00 1.650741577148437500e+01 1.358712017536163330e-01 6.674736738204956055e-02 1.154889818280935287e-02
4.800000000000000000e+04 3.389114572200924158e-04 7.191151380538940430e-04 4.302330315113067627e-03 1.454204553738236427e-03 1.452924334444105625e-03 1.357541233301162720e-01 6.674513220787048340e-02 1.019761204719543457e+00 6.297596454620361328e+00 1.342200946807861328e+01 8.747033119201660156e+00 1.727744293212890625e+01 1.357541233301162720e-01 6.674513220787048340e-02 1.166122779250144958e-02
4.900000000000000000e+04 1.084410236217081547e-03 7.911442662589251995e-04 1.465555131435394287e-01 5.906586349010467529e-02 3.449094481766223907e-03 1.359424293041229248e-01 6.654018163681030273e-02 1.044135689735412598e+00 6.840373039245605469e+00 1.437260246276855469e+01 9.300498008728027344e+00 1.670264244079589844e+01 1.359424293041229248e-01 6.654018163681030273e-02 1.247782632708549500e-02
5.000000000000000000e+04 1.401527202688157558e-03 7.290994981303811073e-04 2.003345172852277756e-03 2.263265894725918770e-03 2.800693968310952187e-03 1.362791806459426880e-01 6.771557778120040894e-02 5.046572089195251465e-01 4.539751529693603516e+00 1.405053424835205078e+01 7.256893634796142578e+00 1.855608940124511719e+01 1.362791806459426880e-01 6.771557778120040894e-02 1.102655008435249329e-02
5.100000000000000000e+04 3.839498676825314760e-04 4.743192112073302269e-04 9.785756701603531837e-04 6.314872298389673233e-04 1.320004113949835300e-03 1.359878033399581909e-01 6.703036278486251831e-02 4.749796688556671143e-01 6.003282546997070312e+00 1.629784965515136719e+01 9.047837257385253906e+00 2.115432167053222656e+01 1.359878033399581909e-01 6.703036278486251831e-02 1.247556973248720169e-02
5.200000000000000000e+04 2.944403968285769224e-04 4.081509541720151901e-04 5.647311918437480927e-04 4.060631908942013979e-04 9.525272762402892113e-04 1.357609629631042480e-01 6.676892936229705811e-02 5.452064871788024902e-01 7.001296520233154297e+00 1.789139556884765625e+01 1.001016807556152344e+01 2.206821441650390625e+01 1.357609629631042480e-01 6.676892936229705811e-02 1.290789991617202759e-02
5.300000000000000000e+04 4.039419582113623619e-04 6.224926328286528587e-04 4.603855311870574951e-03 2.144402824342250824e-03 1.430874573998153210e-03 1.355065554380416870e-01 6.672254949808120728e-02 6.272987127304077148e-01 7.339410781860351562e+00 1.609456443786621094e+01 9.320904731750488281e+00 1.933146286010742188e+01 1.355065554380416870e-01 6.672254949808120728e-02 1.279691234230995178e-02
5.400000000000000000e+04 2.404726255917921662e-04 4.105570551473647356e-04 5.928252357989549637e-04 3.483693581074476242e-04 7.749897195026278496e-04 1.355892419815063477e-01 6.654781848192214966e-02 6.697597503662109375e-01 7.722975730895996094e+00 1.700117874145507812e+01 1.041721248626708984e+01 2.191296958923339844e+01 1.355892419815063477e-01 6.654781848192214966e-02 1.327574718743562698e-02
5.500000000000000000e+04 2.867664734367281199e-04 4.471269203349947929e-04 2.804620191454887390e-03 1.109824748709797859e-03 9.652344742789864540e-04 1.354971975088119507e-01 6.648724526166915894e-02 6.869580745697021484e-01 7.895452976226806641e+00 1.690983772277832031e+01 1.055436515808105469e+01 2.200280952453613281e+01 1.354971975088119507e-01 6.648724526166915894e-02 1.348549034446477890e-02
5.600000000000000000e+04 2.182169409934431314e-04 4.481531505007296801e-04 5.729313706979155540e-04 3.347930614836513996e-04 6.757399532943964005e-04 1.353854984045028687e-01 6.640265882015228271e-02 6.627429127693176270e-01 8.006828308105468750e+00 1.742784309387207031e+01 1.087528038024902344e+01 2.234684944152832031e+01 1.353854984045028687e-01 6.640265882015228271e-02 1.361561194062232971e-02
5.700000000000000000e+04 8.033655467443168163e-04 8.360073552466928959e-04 2.178063541650772095e-01 9.978189319372177124e-02 1.593395718373358250e-03 1.354380697011947632e-01 6.664331257343292236e-02 6.644394397735595703e-01 8.678703308105468750e+00 1.788800048828125000e+01 1.105587482452392578e+01 2.198034858703613281e+01 1.354380697011947632e-01 6.664331257343292236e-02 1.429902017116546631e-02
5.800000000000000000e+04 3.621053881943225861e-03 5.161264911293983459e-03 3.330879285931587219e-02 3.615764155983924866e-02 2.165052853524684906e-02 1.349780708551406860e-01 6.626360118389129639e-02 7.015441060066223145e-01 9.485434532165527344e+00 1.815261077880859375e+01 1.115854835510253906e+01 2.313481140136718750e+01 1.349780708551406860e-01 6.626360118389129639e-02 1.439466793090105057e-02
5.900000000000000000e+04 2.157841518055647612e-04 4.172027402091771364e-04 7.268632762134075165e-04 3.084093332290649414e-04 6.434757378883659840e-04 1.352627426385879517e-01 6.616245955228805542e-02 5.282797813415527344e-01 8.979957580566406250e+00 1.973145675659179688e+01 1.192599391937255859e+01 2.515797805786132812e+01 1.352627426385879517e-01 6.616245955228805542e-02 1.502261776477098465e-02
6.000000000000000000e+04 2.463939308654516935e-04 4.766295605804771185e-04 8.823093376122415066e-04 4.506485129240900278e-04 7.697479450143873692e-04 1.349949687719345093e-01 6.612242758274078369e-02 5.958397984504699707e-01 9.400899887084960938e+00 1.887048149108886719e+01 1.158962154388427734e+01 2.475512504577636719e+01 1.349949687719345093e-01 6.612242758274078369e-02 1.528930198401212692e-02
6.100000000000000000e+04 3.291061439085751772e-04 5.133001250214874744e-04 1.987849734723567963e-02 8.329341188073158264e-03 7.246993482112884521e-04 1.349823027849197388e-01 6.593745201826095581e-02 6.303968429565429688e-01 1.027902984619140625e+01 1.913611602783203125e+01 1.175100135803222656e+01 2.496290779113769531e+01 1.349823027849197388e-01 6.593745201826095581e-02 1.628922484815120697e-02
6.200000000000000000e+04 3.282719117123633623e-04 4.346328787505626678e-04 1.047305879183113575e-03 7.325342157855629921e-04 6.627703551203012466e-04 1.346899867057800293e-01 6.572849303483963013e-02 6.413957476615905762e-01 1.080581665039062500e+01 1.987345314025878906e+01 1.197644996643066406e+01 2.504652786254882812e+01 1.346899867057800293e-01 6.572849303483963013e-02 1.711930334568023682e-02
6.300000000000000000e+04 1.357562839984893799e-01 3.517005145549774170e-01 5.521542072296142578e+00 4.025880813598632812e+00 5.676942467689514160e-01 1.474690884351730347e-01 7.156946510076522827e-02 1.181948900222778320e+00 9.205294609069824219e+00 2.342407226562500000e+01 1.101147556304931641e+01 1.812944984436035156e+01 1.474690884351730347e-01 7.156946510076522827e-02 1.803261786699295044e-02
6.400000000000000000e+04 2.116905525326728821e-04 4.451854911167174578e-04 4.986883723177015781e-04 4.160898970440030098e-04 7.254899828694760799e-04 1.349054574966430664e-01 6.607770174741744995e-02 4.460110366344451904e-01 1.056764698028564453e+01 2.249443435668945312e+01 1.218789482116699219e+01 2.858554840087890625e+01 1.349054574966430664e-01 6.607770174741744995e-02 1.685838028788566589e-02
6.500000000000000000e+04 1.964223338291049004e-04 3.614608431234955788e-04 5.719898035749793053e-04 3.291068132966756821e-04 6.995699368417263031e-04 1.348593831062316895e-01 6.575575470924377441e-02 4.792253375053405762e-01 1.137210559844970703e+01 2.317041969299316406e+01 1.272541046142578125e+01 2.799646568298339844e+01 1.348593831062316895e-01 6.575575470924377441e-02 1.742761768400669098e-02
6.600000000000000000e+04 1.558416872285306454e-03 2.442224184051156044e-03 1.016355678439140320e-01 4.876047000288963318e-02 3.542316379025578499e-03 1.347739398479461670e-01 6.571195274591445923e-02 5.079075098037719727e-01 1.194238185882568359e+01 2.267849540710449219e+01 1.253412532806396484e+01 2.492777061462402344e+01 1.347739398479461670e-01 6.571195274591445923e-02 1.910566724836826324e-02
6.700000000000000000e+04 1.695295213721692562e-04 3.695762716233730316e-04 8.008034201338887215e-04 2.884039713535457850e-04 5.804073880426585674e-04 1.344831138849258423e-01 6.537629663944244385e-02 5.466939806938171387e-01 1.256503963470458984e+01 2.348456573486328125e+01 1.365277576446533203e+01 2.956569862365722656e+01 1.344831138849258423e-01 6.537629663944244385e-02 1.919489726424217224e-02
6.800000000000000000e+04 1.927784469444304705e-04 3.498016158118844032e-04 1.273421454243361950e-03 5.058078095316886902e-04 5.442517576739192009e-04 1.343110352754592896e-01 6.532178074121475220e-02 5.789926052093505859e-01 1.294986915588378906e+01 2.367947196960449219e+01 1.381093215942382812e+01 2.934699249267578125e+01 1.343110352754592896e-01 6.532178074121475220e-02 1.986092329025268555e-02
6.900000000000000000e+04 4.461775533854961395e-04 7.090385188348591328e-04 6.987888831645250320e-03 5.316364578902721405e-03 2.101669088006019592e-03 1.340772807598114014e-01 6.520396471023559570e-02 5.979707241058349609e-01 1.369724369049072266e+01 2.339630508422851562e+01 1.344101524353027344e+01 2.870923614501953125e+01 1.340772807598114014e-01 6.520396471023559570e-02 2.061276324093341827e-02
7.000000000000000000e+04 1.177481655031442642e-02 2.265999652445316315e-02 2.193262875080108643e-01 1.065836697816848755e-01 5.383838433772325516e-03 1.347968131303787231e-01 6.556315720081329346e-02 6.080847382545471191e-01 1.224417591094970703e+01 2.257663917541503906e+01 1.209495449066162109e+01 3.387601470947265625e+01 1.347968131303787231e-01 6.556315720081329346e-02 1.937849260866641998e-02
7.100000000000000000e+04 1.588749146321788430e-04 3.325428115203976631e-04 4.760560987051576376e-04 2.425220736768096685e-04 5.096647655591368675e-04 1.339754611253738403e-01 6.486466526985168457e-02 6.477107405662536621e-01 1.505181407928466797e+01 2.567700004577636719e+01 1.479862117767333984e+01 3.061076164245605469e+01 1.339754611253738403e-01 6.486466526985168457e-02 2.233634516596794128e-02
7.200000000000000000e+04 5.250999820418655872e-04 1.063882722519338131e-03 8.241999894380569458e-03 2.521520014852285385e-03 2.172409789636731148e-03 1.338432431221008301e-01 6.506346911191940308e-02 7.050109505653381348e-01 1.398053741455078125e+01 2.502608680725097656e+01 1.405548286437988281e+01 3.184945869445800781e+01 1.338432431221008301e-01 6.506346911191940308e-02 2.132294699549674988e-02
7.300000000000000000e+04 1.567006984259933233e-04 3.183236694894731045e-04 6.885738694109022617e-04 3.092636179644614458e-04 5.340189673006534576e-04 1.337265074253082275e-01 6.458429992198944092e-02 8.028405904769897461e-01 1.657777214050292969e+01 2.663559341430664062e+01 1.519690895080566406e+01 3.128860282897949219e+01 1.337265074253082275e-01 6.458429992198944092e-02 2.396195940673351288e-02
7.400000000000000000e+04 8.728061220608651638e-04 1.373066566884517670e-03 8.692392730154097080e-04 7.902297074906527996e-04 2.089524175971746445e-03 1.362393349409103394e-01 6.684003025293350220e-02 1.196942448616027832e+00 9.551832199096679688e+00 2.753131866455078125e+01 1.287081050872802734e+01 2.909766769409179688e+01 1.362393349409103394e-01 6.684003025293350220e-02 1.654991880059242249e-02
7.500000000000000000e+04 4.723056626971811056e-04 6.806105375289916992e-04 6.675746408291161060e-04 3.184978559147566557e-04 1.241348916664719582e-03 1.359700709581375122e-01 6.620760262012481689e-02 1.158702850341796875e+00 9.919436454772949219e+00 2.748856735229492188e+01 1.403171539306640625e+01 2.908641242980957031e+01 1.359700709581375122e-01 6.620760262012481689e-02 1.609968394041061401e-02
7.600000000000000000e+04 2.578351995907723904e-04 3.465702175162732601e-04 6.094178534112870693e-04 2.222164475824683905e-04 8.310321718454360962e-04 1.351346820592880249e-01 6.561500579118728638e-02 1.079745411872863770e+00 1.078242588043212891e+01 2.648682785034179688e+01 1.446273136138916016e+01 2.880464363098144531e+01 1.351346820592880249e-01 6.561500579118728638e-02 1.641401462256908417e-02
7.700000000000000000e+04 1.553342444822192192e-04 2.529689227230846882e-04 4.786200006492435932e-04 2.515535743441432714e-04 5.864367703907191753e-04 1.342538595199584961e-01 6.528297066688537598e-02 9.091422557830810547e-01 1.212146663665771484e+01 2.568760108947753906e+01 1.473637485504150391e+01 2.848543357849121094e+01 1.342538595199584961e-01 6.528297066688537598e-02 1.852275431156158447e-02
7.800000000000000000e+04 3.087205113843083382e-04 2.925060980487614870e-04 1.337918452918529510e-02 3.706990042701363564e-03 8.613653481006622314e-04 1.338350474834442139e-01 6.520386785268783569e-02 9.081040024757385254e-01 1.339518070220947266e+01 2.620189857482910156e+01 1.481916522979736328e+01 2.847914886474609375e+01 1.338350474834442139e-01 6.520386785268783569e-02 2.037204243242740631e-02
7.900000000000000000e+04 1.573482149979099631e-04 2.757967449724674225e-04 2.871870063245296478e-03 1.132946461439132690e-03 5.021338583901524544e-04 1.336965262889862061e-01 6.481105089187622070e-02 9.462550282478332520e-01 1.440906524658203125e+01 2.771524238586425781e+01 1.564119338989257812e+01 2.945882987976074219e+01 1.336965262889862061e-01 6.481105089187622070e-02 2.189172059297561646e-02
8.000000000000000000e+04 2.742601791396737099e-04 3.092779079452157021e-04 1.132945879362523556e-03 7.704853778705000877e-04 6.234089960344135761e-04 1.335212141275405884e-01 6.488951295614242554e-02 9.953356981277465820e-01 1.397114849090576172e+01 2.839414024353027344e+01 1.486827468872070312e+01 2.883359909057617188e+01 1.335212141275405884e-01 6.488951295614242554e-02 2.179527841508388519e-02
8.100000000000000000e+04 3.247326239943504333e-03 2.668475499376654625e-03 2.248537261039018631e-03 3.101446665823459625e-03 5.903050769120454788e-03 1.382347196340560913e-01 6.773599982261657715e-02 2.182908296585083008e+00 8.104317665100097656e+00 2.340529251098632812e+01 9.180357933044433594e+00 2.269740486145019531e+01 1.382347196340560913e-01 6.773599982261657715e-02 1.419650111347436905e-02
8.200000000000000000e+04 9.166757808998227119e-04 1.251423149369657040e-03 1.141470740549266338e-03 8.334511076100170612e-04 2.356494544073939323e-03 1.363863199949264526e-01 6.670023500919342041e-02 2.025972604751586914e+00 9.985205650329589844e+00 3.091071128845214844e+01 1.325158119201660156e+01 2.557610321044921875e+01 1.363863199949264526e-01 6.670023500919342041e-02 1.615002006292343140e-02
8.300000000000000000e+04 5.935025983490049839e-04 8.183472673408687115e-04 7.649980834685266018e-04 4.034274315927177668e-04 1.613039756193757057e-03 1.359982192516326904e-01 6.657750159502029419e-02 1.955411434173583984e+00 1.037082195281982422e+01 3.297523498535156250e+01 1.451551055908203125e+01 2.588934707641601562e+01 1.359982192516326904e-01 6.657750159502029419e-02 1.581075228750705719e-02
8.400000000000000000e+04 5.155235412530601025e-04 5.814610049128532410e-04 7.421579211950302124e-04 4.526542907115072012e-04 1.391825382597744465e-03 1.360223442316055298e-01 6.640030443668365479e-02 1.636834383010864258e+00 1.030892753601074219e+01 3.118944358825683594e+01 1.459930896759033203e+01 2.527120590209960938e+01 1.360223442316055298e-01 6.640030443668365479e-02 1.516887731850147247e-02
8.500000000000000000e+04 4.166048602201044559e-04 4.946078406646847725e-04 5.627610953524708748e-04 2.653433184605091810e-04 1.182470237836241722e-03 1.359662264585494995e-01 6.624177843332290649e-02 1.426777839660644531e+00 1.007779216766357422e+01 2.994993019104003906e+01 1.489674186706542969e+01 2.467244338989257812e+01 1.359662264585494995e-01 6.624177843332290649e-02 1.461187843233346939e-02
8.600000000000000000e+04 3.732123877853155136e-04 4.625458968803286552e-04 6.542628980241715908e-04 3.124155336990952492e-04 1.019496587105095387e-03 1.357769519090652466e-01 6.623379886150360107e-02 1.314569592475891113e+00 9.569452285766601562e+00 2.923591232299804688e+01 1.522524070739746094e+01 2.376403045654296875e+01 1.357769519090652466e-01 6.623379886150360107e-02 1.427193265408277512e-02
8.700000000000000000e+04 2.809839206747710705e-04 4.299496649764478207e-04 5.445992574095726013e-04 3.176221216563135386e-04 9.092909749597311020e-04 1.355759501457214355e-01 6.611942499876022339e-02 1.274789214134216309e+00 9.546212196350097656e+00 2.877942466735839844e+01 1.545216369628906250e+01 2.323064422607421875e+01 1.355759501457214355e-01 6.611942499876022339e-02 1.431196276098489761e-02
8.800000000000000000e+04 1.429033582098782063e-03 7.159428787417709827e-04 5.217092484235763550e-02 1.216080877929925919e-02 1.924705109558999538e-03 1.351079791784286499e-01 6.601089239120483398e-02 1.262686252593994141e+00 9.893665313720703125e+00 2.706239318847656250e+01 1.421976089477539062e+01 2.041839218139648438e+01 1.351079791784286499e-01 6.601089239120483398e-02 1.456959359347820282e-02
8.900000000000000000e+04 1.650200574658811092e-04 2.626631758175790310e-04 1.110419514589011669e-03 3.354964428581297398e-04 6.654098979197442532e-04 1.337991654872894287e-01 6.565137207508087158e-02 1.168072223663330078e+00 1.086070632934570312e+01 2.765747833251953125e+01 1.531067752838134766e+01 2.376188468933105469e+01 1.337991654872894287e-01 6.565137207508087158e-02 1.625943928956985474e-02
9.000000000000000000e+04 1.548165746498852968e-04 2.254959108540788293e-04 9.382908465340733528e-04 3.193080483470112085e-04 5.687702796421945095e-04 1.333795934915542603e-01 6.540279090404510498e-02 1.081935882568359375e+00 1.160402584075927734e+01 2.822556114196777344e+01 1.546911048889160156e+01 2.427252769470214844e+01 1.333795934915542603e-01 6.540279090404510498e-02 1.799374446272850037e-02
9.100000000000000000e+04 1.403210771968588233e-04 2.398136712145060301e-04 1.119030523113906384e-03 4.288548952899873257e-04 5.146880866959691048e-04 1.331032514572143555e-01 6.503933668136596680e-02 1.084235072135925293e+00 1.258784770965576172e+01 2.866042137145996094e+01 1.578290462493896484e+01 2.494923400878906250e+01 1.331032514572143555e-01 6.503933668136596680e-02 1.966261304914951324e-02
9.200000000000000000e+04 2.729771658778190613e-03 1.511491835117340088e-03 1.083028987050056458e-01 3.797233849763870239e-02 7.873015478253364563e-03 1.329261660575866699e-01 6.495071202516555786e-02 1.078639030456542969e+00 1.326289176940917969e+01 2.937888717651367188e+01 1.510470294952392578e+01 2.129973030090332031e+01 1.329261660575866699e-01 6.495071202516555786e-02 2.104006148874759674e-02
9.300000000000000000e+04 3.559465287253260612e-03 3.431505523622035980e-03 6.285397801548242569e-03 6.146976258605718613e-03 1.164235826581716537e-02 1.387161016464233398e-01 6.735415011644363403e-02 1.177270889282226562e+00 5.270823478698730469e+00 1.584636688232421875e+01 8.400961875915527344e+00 1.767429351806640625e+01 1.387161016464233398e-01 6.735415011644363403e-02 1.170071214437484741e-02
9.400000000000000000e+04 1.324134180322289467e-03 1.885600970126688480e-03 2.731617074459791183e-03 1.847893348895013332e-03 3.848346415907144547e-03 1.365785151720046997e-01 6.619758903980255127e-02 1.328246593475341797e+00 7.214834213256835938e+00 2.148157501220703125e+01 1.224063205718994141e+01 1.952839279174804688e+01 1.365785151720046997e-01 6.619758903980255127e-02 1.397383958101272583e-02
9.500000000000000000e+04 6.590034463442862034e-04 1.288201427087187767e-03 1.379897235892713070e-03 8.867572760209441185e-04 2.340970095247030258e-03 1.359259188175201416e-01 6.621301919221878052e-02 1.342531561851501465e+00 8.383285522460937500e+00 2.675614547729492188e+01 1.461084175109863281e+01 2.182093048095703125e+01 1.359259188175201416e-01 6.621301919221878052e-02 1.464640069752931595e-02
9.600000000000000000e+04 5.791663425043225288e-04 1.204699277877807617e-03 7.573994342237710953e-03 3.722083754837512970e-03 1.942718285135924816e-03 1.355918198823928833e-01 6.612211465835571289e-02 1.397171139717102051e+00 8.973432540893554688e+00 2.795957756042480469e+01 1.472215461730957031e+01 2.030445098876953125e+01 1.355918198823928833e-01 6.612211465835571289e-02 1.458016410470008850e-02
9.700000000000000000e+04 3.258984361309558153e-04 5.788850248791277409e-04 7.293762755580246449e-04 3.431290970183908939e-04 1.234769471921026707e-03 1.359136253595352173e-01 6.624457240104675293e-02 1.475237727165222168e+00 9.289015769958496094e+00 2.774768638610839844e+01 1.536835861206054688e+01 2.257835960388183594e+01 1.359136253595352173e-01 6.624457240104675293e-02 1.480905245989561081e-02
9.800000000000000000e+04 2.938314573839306831e-04 5.024673300795257092e-04 5.390956066548824310e-04 3.074238484259694815e-04 1.080710557289421558e-03 1.357823014259338379e-01 6.623807549476623535e-02 1.535279512405395508e+00 9.101723670959472656e+00 2.795624542236328125e+01 1.565921497344970703e+01 2.231254196166992188e+01 1.357823014259338379e-01 6.623807549476623535e-02 1.456317678093910217e-02
9.900000000000000000e+04 3.113733837381005287e-04 5.127360345795750618e-04 6.900215521454811096e-04 4.308362840674817562e-04 9.909052168950438499e-04 1.356638818979263306e-01 6.624753028154373169e-02 1.606474757194519043e+00 8.842255592346191406e+00 2.828518676757812500e+01 1.582927036285400391e+01 2.215057182312011719e+01 1.356638818979263306e-01 6.624753028154373169e-02 1.440915931016206741e-02
1.000000000000000000e+05 2.491089981049299240e-04 4.961742088198661804e-04 6.737145595252513885e-04 3.780510451178997755e-04 9.202781948260962963e-04 1.356029957532882690e-01 6.625960022211074829e-02 1.645953059196472168e+00 8.765535354614257812e+00 2.903761863708496094e+01 1.613204574584960938e+01 2.176644325256347656e+01 1.356029957532882690e-01 6.625960022211074829e-02 1.446797698736190796e-02
1.010000000000000000e+05 2.922114799730479717e-04 5.086438031867146492e-04 5.954483640380203724e-04 3.425053146202117205e-04 8.325083181262016296e-04 1.354992687702178955e-01 6.624605506658554077e-02 1.626251935958862305e+00 8.437530517578125000e+00 2.907963943481445312e+01 1.593788051605224609e+01 2.166051483154296875e+01 1.354992687702178955e-01 6.624605506658554077e-02 1.436240877956151962e-02
1.020000000000000000e+05 2.566608309280127287e-04 4.790868842974305153e-04 4.658265388570725918e-04 2.698057214729487896e-04 7.873329450376331806e-04 1.355300396680831909e-01 6.617141515016555786e-02 1.623496532440185547e+00 8.491013526916503906e+00 2.961171150207519531e+01 1.616701126098632812e+01 2.118258094787597656e+01 1.355300396680831909e-01 6.617141515016555786e-02 1.447884831577539444e-02
1.030000000000000000e+05 2.602702879812568426e-04 4.836361040361225605e-04 5.196058773435652256e-04 3.637324261944741011e-04 7.508730632252991199e-04 1.354271471500396729e-01 6.614343822002410889e-02 1.637808561325073242e+00 8.413545608520507812e+00 2.927696800231933594e+01 1.641357231140136719e+01 2.099839019775390625e+01 1.354271471500396729e-01 6.614343822002410889e-02 1.444569043815135956e-02
1.040000000000000000e+05 3.857175179291516542e-04 6.330215837806463242e-04 5.079918773844838142e-04 7.405544747598469257e-04 9.583038627170026302e-04 1.355241835117340088e-01 6.655729562044143677e-02 1.388727307319641113e+00 6.673685550689697266e+00 2.962781524658203125e+01 1.446366500854492188e+01 1.995443344116210938e+01 1.355241835117340088e-01 6.655729562044143677e-02 1.285457331687211990e-02
1.050000000000000000e+05 2.761829819064587355e-04 4.281306173652410507e-04 4.393797134980559349e-04 3.624375967774540186e-04 7.366910576820373535e-04 1.352562457323074341e-01 6.629961729049682617e-02 1.405348420143127441e+00 7.004857540130615234e+00 3.187885856628417969e+01 1.571370887756347656e+01 1.944739532470703125e+01 1.352562457323074341e-01 6.629961729049682617e-02 1.307760085910558701e-02
1.060000000000000000e+05 6.829470512457191944e-04 7.816175348125398159e-04 1.040460541844367981e-01 4.101320728659629822e-02 1.692968304269015789e-03 1.347980052232742310e-01 6.624539196491241455e-02 1.412344694137573242e+00 7.638796806335449219e+00 3.050708389282226562e+01 1.540258121490478516e+01 1.932619285583496094e+01 1.347980052232742310e-01 6.624539196491241455e-02 1.373005285859107971e-02
1.070000000000000000e+05 2.037929953075945377e-04 3.696740022860467434e-04 9.355288348160684109e-04 3.904142067767679691e-04 7.845122017897665501e-04 1.342234611511230469e-01 6.589800119400024414e-02 1.390848278999328613e+00 7.960810661315917969e+00 3.052176475524902344e+01 1.596941184997558594e+01 1.932397079467773438e+01 1.342234611511230469e-01 6.589800119400024414e-02 1.442431192845106125e-02
1.080000000000000000e+05 1.797818840714171529e-04 2.915687800850719213e-04 1.031947671435773373e-03 2.851678000297397375e-04 7.468721014447510242e-04 1.329533606767654419e-01 6.557190418243408203e-02 1.414750695228576660e+00 9.365530014038085938e+00 3.258066558837890625e+01 1.675927734375000000e+01 2.077865219116210938e+01 1.329533606767654419e-01 6.557190418243408203e-02 1.614779047667980194e-02
1.090000000000000000e+05 4.212481435388326645e-04 8.615288534201681614e-04 7.787951081991195679e-02 4.002603888511657715e-02 2.058254089206457138e-03 1.324846595525741577e-01 6.526894867420196533e-02 1.436940550804138184e+00 1.002915859222412109e+01 3.340096282958984375e+01 1.665232467651367188e+01 2.041187667846679688e+01 1.324846595525741577e-01 6.526894867420196533e-02 1.737821102142333984e-02
1.100000000000000000e+05 9.864701889455318451e-03 1.818626001477241516e-02 6.094062700867652893e-02 2.523554675281047821e-02 2.970725484192371368e-02 1.390798240900039673e-01 7.241281867027282715e-02 9.730123877525329590e-01 4.030649662017822266e+00 1.705592536926269531e+01 5.731380462646484375e+00 2.146158409118652344e+01 1.390798240900039673e-01 7.241281867027282715e-02 9.355658665299415588e-03
1.110000000000000000e+05 3.608301340136677027e-04 6.523707997985184193e-04 8.641342865303158760e-04 6.387917674146592617e-04 1.465274603106081486e-03 1.357185095548629761e-01 6.636194884777069092e-02 1.397145509719848633e+00 5.896287441253662109e+00 2.434757995605468750e+01 1.089344787597656250e+01 1.726255607604980469e+01 1.357185095548629761e-01 6.636194884777069092e-02 1.327130943536758423e-02
1.120000000000000000e+05 2.428810257697477937e-04 5.191664677113294601e-04 5.152493831701576710e-04 4.193256027065217495e-04 9.049707441590726376e-04 1.355186700820922852e-01 6.611825525760650635e-02 1.518815517425537109e+00 6.308832168579101562e+00 2.758533096313476562e+01 1.278583717346191406e+01 1.740131759643554688e+01 1.355186700820922852e-01 6.611825525760650635e-02 1.337162964046001434e-02
1.130000000000000000e+05 1.471722061978653073e-04 2.947303291875869036e-04 7.482967921532690525e-04 3.356079396326094866e-04 7.037072209641337395e-04 1.329019665718078613e-01 6.570274382829666138e-02 1.596934080123901367e+00 7.955883979797363281e+00 3.175410842895507812e+01 1.471766090393066406e+01 1.846927833557128906e+01 1.329019665718078613e-01 6.570274382829666138e-02 1.496337912976741791e-02
1.140000000000000000e+05 1.303803583141416311e-04 2.599636500235646963e-04 8.845516713336110115e-04 2.923545835074037313e-04 6.964404601603746414e-04 1.322315931320190430e-01 6.525888293981552124e-02 1.616693496704101562e+00 9.859119415283203125e+00 3.437673950195312500e+01 1.626072502136230469e+01 2.028995513916015625e+01 1.322315931320190430e-01 6.525888293981552124e-02 1.730763167142868042e-02
1.150000000000000000e+05 1.389773387927561998e-04 2.626774075906723738e-04 7.853870047256350517e-04 3.267618303652852774e-04 6.598372710868716240e-04 1.315137594938278198e-01 6.506527215242385864e-02 1.614333152770996094e+00 1.026324081420898438e+01 3.720513534545898438e+01 1.704892158508300781e+01 2.073826217651367188e+01 1.315137594938278198e-01 6.506527215242385864e-02 1.833549328148365021e-02
1.160000000000000000e+05 1.343160110991448164e-04 2.632520918268710375e-04 1.202488550916314125e-03 5.245750653557479382e-04 6.076339050196111202e-04 1.307744234800338745e-01 6.465873867273330688e-02 1.692259311676025391e+00 1.191435241699218750e+01 3.815931701660156250e+01 1.735516166687011719e+01 2.193091201782226562e+01 1.307744234800338745e-01 6.465873867273330688e-02 2.041786536574363708e-02
1.170000000000000000e+05 2.820324152708053589e-03 3.604252357035875320e-03 6.619587540626525879e-03 6.994829047471284866e-03 6.928660906851291656e-03 1.297851949930191040e-01 6.449211388826370239e-02 1.766064763069152832e+00 1.326703071594238281e+01 4.192355728149414062e+01 1.821811866760253906e+01 2.311417198181152344e+01 1.297851949930191040e-01 6.449211388826370239e-02 2.244235016405582428e-02
1.180000000000000000e+05 1.472136080265045166e-01 1.315012872219085693e-01 5.951758846640586853e-02 4.892630502581596375e-02 4.194608330726623535e-01 1.581509858369827271e-01 7.608728110790252686e-02 2.452685594558715820e+00 2.577052831649780273e+00 2.834758949279785156e+01 1.009765434265136719e+01 7.300878047943115234e+00 1.581509858369827271e-01 7.608728110790252686e-02 1.620777882635593414e-02
1.190000000000000000e+05 3.130932152271270752e-02 2.963566966354846954e-02 1.886307634413242340e-02 8.068284019827842712e-03 1.115920618176460266e-01 1.409692615270614624e-01 7.444560527801513672e-02 1.928759932518005371e+00 1.146684455871582031e+01 4.340027236938476562e+01 2.528311157226562500e+01 2.702237701416015625e+01 1.409692615270614624e-01 7.444560527801513672e-02 1.988055557012557983e-02
1.200000000000000000e+05 1.433140318840742111e-02 1.529771741479635239e-02 1.316269114613533020e-02 1.034592650830745697e-02 5.755533650517463684e-02 1.378440856933593750e-01 7.106966525316238403e-02 2.372279167175292969e+00 1.006484508514404297e+01 5.462921142578125000e+01 2.682957077026367188e+01 3.130885505676269531e+01 1.378440856933593750e-01 7.106966525316238403e-02 2.056695520877838135e-02
1.210000000000000000e+05 9.900833480060100555e-03 9.715465828776359558e-03 8.166842162609100342e-03 1.050611957907676697e-02 3.639926761388778687e-02 1.370031684637069702e-01 6.920404732227325439e-02 3.045441627502441406e+00 7.306926250457763672e+00 5.521950531005859375e+01 2.447482109069824219e+01 2.636488723754882812e+01 1.370031684637069702e-01 6.920404732227325439e-02 1.859177649021148682e-02
1.220000000000000000e+05 7.716743741184473038e-03 6.070668343454599380e-03 5.916892085224390030e-03 8.151927031576633453e-03 2.460713870823383331e-02 1.367999464273452759e-01 6.823361665010452271e-02 3.628767967224121094e+00 5.203988075256347656e+00 5.221668624877929688e+01 2.203575897216796875e+01 2.355845642089843750e+01 1.367999464273452759e-01 6.823361665010452271e-02 1.707030273973941803e-02
1.230000000000000000e+05 5.980261601507663727e-03 4.618197213858366013e-03 6.697363220155239105e-03 7.025850471109151840e-03 1.530163455754518509e-02 1.367651373147964478e-01 6.764378398656845093e-02 4.073332786560058594e+00 4.685342788696289062e+00 5.229181289672851562e+01 2.201001548767089844e+01 2.437265396118164062e+01 1.367651373147964478e-01 6.764378398656845093e-02 1.731303147971630096e-02
1.240000000000000000e+05 5.077921785414218903e-03 3.955777268856763840e-03 1.097832545638084412e-01 4.973251745104789734e-02 1.241802331060171127e-02 1.366549134254455566e-01 6.743688136339187622e-02 3.767113685607910156e+00 4.566317558288574219e+00 5.414361190795898438e+01 2.291170310974121094e+01 2.385788154602050781e+01 1.366549134254455566e-01 6.743688136339187622e-02 1.750194653868675232e-02
1.250000000000000000e+05 4.368065390735864639e-03 3.323257900774478912e-03 3.425973001867532730e-03 2.784087089821696281e-03 9.102334268391132355e-03 1.367486119270324707e-01 6.741245090961456299e-02 3.216321706771850586e+00 4.782823085784912109e+00 5.179119873046875000e+01 2.203819084167480469e+01 2.279023361206054688e+01 1.367486119270324707e-01 6.741245090961456299e-02 1.758276298642158508e-02
1.260000000000000000e+05 3.592753317207098007e-03 2.603609114885330200e-03 2.634448464959859848e-03 2.487691119313240051e-03 6.825317628681659698e-03 1.367458999156951904e-01 6.706545501947402954e-02 2.548779726028442383e+00 4.901361465454101562e+00 5.105759429931640625e+01 2.184219551086425781e+01 2.175704956054687500e+01 1.367458999156951904e-01 6.706545501947402954e-02 1.730662211775779724e-02
1.270000000000000000e+05 3.003223566338419914e-03 1.998279010877013206e-03 2.616403624415397644e-03 1.633542473427951336e-03 5.704946815967559814e-03 1.366327404975891113e-01 6.696537137031555176e-02 1.890798330307006836e+00 4.819510936737060547e+00 4.818656921386718750e+01 2.118634414672851562e+01 2.026778221130371094e+01 1.366327404975891113e-01 6.696537137031555176e-02 1.647035963833332062e-02
1.280000000000000000e+05 2.436191076412796974e-03 1.390138291753828526e-03 2.072256756946444511e-03 1.504965825006365776e-03 4.504978191107511520e-03 1.364535689353942871e-01 6.684800237417221069e-02 1.414138317108154297e+00 4.801637172698974609e+00 4.670494079589843750e+01 2.085441589355468750e+01 1.919149589538574219e+01 1.364535689353942871e-01 6.684800237417221069e-02 1.574107818305492401e-02
1.290000000000000000e+05 1.970167970284819603e-03 1.048617879860103130e-03 2.581247827038168907e-03 1.855831942521035671e-03 3.481682157143950462e-03 1.363560706377029419e-01 6.675447523593902588e-02 1.120602369308471680e+00 4.974789142608642578e+00 4.538802719116210938e+01 2.059776306152343750e+01 1.886852455139160156e+01 1.363560706377029419e-01 6.675447523593902588e-02 1.517409179359674454e-02
1.300000000000000000e+05 1.522004837170243263e-03 9.637334733270108700e-04 3.106291173025965691e-03 1.877090544439852238e-03 3.224444342777132988e-03 1.362672746181488037e-01 6.673437356948852539e-02 8.455494046211242676e-01 5.103475093841552734e+00 4.325205230712890625e+01 2.023151588439941406e+01 1.824060630798339844e+01 1.362672746181488037e-01 6.673437356948852539e-02 1.469536498188972473e-02
1.310000000000000000e+05 2.519858535379171371e-03 2.355481497943401337e-02 5.006598308682441711e-03 2.891595475375652313e-02 5.722463130950927734e-03 1.359758526086807251e-01 6.669087707996368408e-02 6.135526895523071289e-01 5.415019989013671875e+00 4.061550521850585938e+01 1.851664161682128906e+01 1.465790557861328125e+01 1.359758526086807251e-01 6.669087707996368408e-02 1.351359114050865173e-02
1.320000000000000000e+05 9.424860472790896893e-04 6.060226587578654289e-04 1.181578263640403748e-03 8.319861954078078270e-04 2.822543261572718620e-03 1.360193938016891479e-01 6.666214019060134888e-02 4.357639551162719727e-01 5.101432323455810547e+00 4.078606796264648438e+01 1.798032379150390625e+01 1.740703773498535156e+01 1.360193938016891479e-01 6.666214019060134888e-02 1.322915870696306229e-02
1.330000000000000000e+05 1.042312709614634514e-03 5.594437243416905403e-04 6.281665526330471039e-03 3.996930085122585297e-03 3.086702665314078331e-03 1.359837949275970459e-01 6.661447137594223022e-02 3.980773985385894775e-01 5.731068611145019531e+00 3.861748123168945312e+01 1.881211853027343750e+01 1.709064102172851562e+01 1.359837949275970459e-01 6.661447137594223022e-02 1.362790260463953018e-02
1.340000000000000000e+05 1.758426427841186523e-03 1.801757491193711758e-03 2.666414948180317879e-03 2.713084686547517776e-03 9.151808917522430420e-03 1.373478025197982788e-01 6.923883408308029175e-02 2.341081500053405762e-01 4.279397487640380859e+00 3.785443496704101562e+01 1.391611099243164062e+01 2.051816177368164062e+01 1.373478025197982788e-01 6.923883408308029175e-02 1.193404290825128555e-02
