# step, loss_train, loss_test, metrics_test
0.000000000000000000e+00 1.443580055236816406e+01 2.456845092773437500e+01 1.049987670898437500e+03 3.167770057916641235e-02 1.699634277343750000e+03 4.998666687011718750e+02 4.372133687138557434e-02 2.936480140686035156e+01 2.119546127319335938e+01 3.409579467773437500e+01 8.934689941406250000e+02 3.147658705711364746e-02 1.444195312500000000e+03 4.998666687011718750e+02 4.372133687138557434e-02 2.936480140686035156e+01 3.784560394287109375e+01
1.000000000000000000e+03 3.671225626021623611e-03 2.163843251764774323e-03 7.065052632242441177e-03 6.802321411669254303e-03 9.408736950717866421e-04 1.358377485303208232e-04 1.048006024211645126e-02 1.425338163971900940e-02 8.121325634419918060e-03 3.573386231437325478e-03 2.884495444595813751e-02 1.558243669569492340e-02 7.703777402639389038e-02 1.358377485303208232e-04 1.048006024211645126e-02 1.425338163971900940e-02 4.947457909584045410e-01
2.000000000000000000e+03 1.645204145461320877e-03 4.558164509944617748e-04 1.620826497673988342e-02 1.749083865433931351e-03 1.176519552245736122e-03 4.036665486637502909e-04 7.119058864191174507e-04 5.026482045650482178e-03 6.116647738963365555e-03 6.634768215008080006e-04 4.653662070631980896e-02 3.646775614470243454e-03 2.652044035494327545e-02 4.036665486637502909e-04 7.119058864191174507e-04 5.026482045650482178e-03 3.705390095710754395e-01
3.000000000000000000e+03 2.562445355579257011e-03 2.008063311222940683e-04 1.124898530542850494e-02 1.218922086991369724e-03 6.812743959017097950e-04 1.344303309451788664e-04 1.636132365092635155e-04 1.305236597545444965e-03 8.239504881203174591e-03 3.184525703545659781e-04 3.724614158272743225e-02 4.465790465474128723e-03 1.456551160663366318e-02 1.344303309451788664e-04 1.636132365092635155e-04 1.305236597545444965e-03 4.523694813251495361e-01
4.000000000000000000e+03 1.375978463329374790e-03 2.115933893946930766e-04 2.081634011119604111e-03 1.067964360117912292e-03 1.451830263249576092e-03 4.907626498606987298e-05 8.904709102353081107e-05 9.237127378582954407e-04 4.710952751338481903e-03 2.856810460798442364e-04 3.533906117081642151e-02 6.512860767543315887e-03 1.320641115307807922e-02 4.907626498606987298e-05 8.904709102353081107e-05 9.237127378582954407e-04 3.635175526142120361e-01
5.000000000000000000e+03 1.137975486926734447e-03 1.356772845610976219e-04 1.957188593223690987e-03 8.994034724310040474e-04 6.209427374415099621e-04 6.393872899934649467e-04 9.209852578351274133e-05 9.517791913822293282e-04 3.934855572879314423e-03 2.209220838267356157e-04 2.927925623953342438e-02 6.045066751539707184e-03 1.301738526672124863e-02 6.393872899934649467e-04 9.209852578351274133e-05 9.517791913822293282e-04 3.370112478733062744e-01
6.000000000000000000e+03 5.832122405990958214e-04 1.508165965788066387e-03 8.731216192245483398e-03 6.609556148760020733e-04 8.257281035184860229e-02 1.134037156589329243e-03 1.803896884666755795e-04 1.731506781652569771e-03 2.410200890153646469e-03 1.665033050812780857e-03 4.460986331105232239e-02 8.272187784314155579e-03 7.397296279668807983e-02 1.134037156589329243e-03 1.803896884666755795e-04 1.731506781652569771e-03 3.349653184413909912e-01
7.000000000000000000e+03 6.609922274947166443e-04 6.324102287180721760e-05 7.900345372036099434e-04 4.618805542122572660e-04 1.804064231691882014e-04 8.476273069391027093e-05 1.620972616365179420e-04 4.179171228315681219e-04 2.912001218646764755e-03 1.310333900619298220e-04 2.732172235846519470e-02 6.246012635529041290e-03 4.634504206478595734e-03 8.476273069391027093e-05 1.620972616365179420e-04 4.179171228315681219e-04 2.861374020576477051e-01
8.000000000000000000e+03 6.110928952693939209e-04 7.770624506520107388e-05 6.975170690566301346e-04 4.465347155928611755e-04 8.254225249402225018e-04 1.445448142476379871e-04 1.560978562338277698e-04 3.910564992111176252e-04 2.737097907811403275e-03 8.046569564612582326e-05 1.549414824694395065e-02 3.629055805504322052e-03 3.840031335130333900e-03 1.445448142476379871e-04 1.560978562338277698e-04 3.910564992111176252e-04 2.871915698051452637e-01
9.000000000000000000e+03 4.084444080945104361e-04 5.301530836732126772e-05 4.298579297028481960e-04 4.705530009232461452e-04 7.835489232093095779e-04 6.955953780561685562e-03 1.816568692447617650e-04 1.114608370698988438e-03 2.288470976054668427e-03 5.142769077792763710e-05 1.102200709283351898e-02 2.770860446617007256e-03 2.760018920525908470e-03 6.955953780561685562e-03 1.816568692447617650e-04 1.114608370698988438e-03 2.644435167312622070e-01
1.000000000000000000e+04 2.612468670122325420e-04 7.368194637820124626e-04 6.325679714791476727e-04 8.361520245671272278e-03 3.802440315485000610e-02 2.021990343928337097e-02 8.268062374554574490e-04 2.509768307209014893e-01 1.261570956557989120e-03 8.546310127712786198e-04 5.003230180591344833e-03 8.382034488022327423e-03 3.306211903691291809e-02 2.021990343928337097e-02 8.268062374554574490e-04 2.509768307209014893e-01 2.684372365474700928e-01
1.100000000000000000e+04 2.790126600302755833e-04 2.100778146996162832e-05 6.353692733682692051e-04 5.155838443897664547e-04 1.706626644590869546e-04 9.491986595094203949e-03 1.274544483749195933e-04 8.368663256987929344e-04 1.546207233332097530e-03 2.381780177529435605e-05 5.808888003230094910e-03 1.660525449551641941e-03 1.238685334101319313e-03 9.491986595094203949e-03 1.274544483749195933e-04 8.368663256987929344e-04 2.426034510135650635e-01
1.200000000000000000e+04 2.384180115768685937e-04 1.105963474401505664e-05 4.605673893820494413e-04 4.502807569224387407e-04 1.446372247301042080e-03 6.900719832628965378e-03 1.245935709448531270e-04 5.214052740484476089e-03 1.364657538942992687e-03 3.935126005671918392e-05 6.338809616863727570e-03 2.032971009612083435e-03 2.085863845422863960e-03 6.900719832628965378e-03 1.245935709448531270e-04 5.214052740484476089e-03 2.395146191120147705e-01
1.300000000000000000e+04 2.010060125030577183e-04 3.924542397726327181e-06 1.674694649409502745e-04 3.476250858511775732e-04 1.019976571114966646e-05 6.630649324506521225e-03 1.684960006969049573e-04 2.567397314123809338e-04 1.129680196754634380e-03 9.525901987217366695e-06 4.979075398296117783e-03 1.790121779777109623e-03 6.828707410022616386e-04 6.630649324506521225e-03 1.684960006969049573e-04 2.567397314123809338e-04 2.319079488515853882e-01
1.400000000000000000e+04 6.363347172737121582e-03 9.654014866100624204e-05 1.363258436322212219e-02 1.023486703634262085e-01 1.524930587038397789e-03 1.204925472848117352e-03 2.764680795371532440e-02 9.883059561252593994e-02 1.759764738380908966e-02 1.198354439111426473e-04 5.798226222395896912e-02 1.183842644095420837e-01 2.950332127511501312e-03 1.204925472848117352e-03 2.764680795371532440e-02 9.883059561252593994e-02 6.567538976669311523e-01
1.500000000000000000e+04 8.390299626626074314e-04 7.589334563817828894e-05 9.286653948947787285e-04 1.448231865651905537e-03 1.566147198900580406e-03 5.700276233255863190e-05 6.639740895479917526e-04 9.689822909422218800e-04 2.386552747339010239e-03 1.255974784726276994e-04 2.909355424344539642e-02 1.090250909328460693e-02 7.805895991623401642e-03 5.700276233255863190e-05 6.639740895479917526e-04 9.689822909422218800e-04 2.666263878345489502e-01
1.600000000000000000e+04 5.374358734115958214e-04 2.782613955787383020e-05 6.456919363699853420e-04 5.646926001645624638e-04 3.739199019037187099e-04 2.685328945517539978e-04 4.084598622284829617e-04 5.696816369891166687e-04 1.569646410644054413e-03 9.319769014837220311e-05 1.598911918699741364e-02 5.088782869279384613e-03 6.254448555409908295e-03 2.685328945517539978e-04 4.084598622284829617e-04 5.696816369891166687e-04 2.535750865936279297e-01
1.700000000000000000e+04 4.306291812099516392e-04 3.791820927290245891e-05 3.769855829887092113e-04 2.906432200688868761e-04 5.113539518788456917e-04 5.187984788790345192e-04 2.765895915217697620e-04 5.028099985793232918e-04 1.283213030546903610e-03 8.276459993794560432e-05 1.424734760075807571e-02 4.131002817302942276e-03 4.331645090132951736e-03 5.187984788790345192e-04 2.765895915217697620e-04 5.028099985793232918e-04 2.448565214872360229e-01
1.800000000000000000e+04 3.095431602559983730e-04 1.789373709470964968e-05 2.887145092245191336e-04 3.590684791561216116e-04 8.196547423722222447e-05 6.822872092016041279e-05 2.502387214917689562e-04 3.429606731515377760e-04 1.201595528982579708e-03 4.191780681139789522e-05 1.418542861938476562e-02 4.623065702617168427e-03 2.143218880519270897e-03 6.822872092016041279e-05 2.502387214917689562e-04 3.429606731515377760e-04 2.383215129375457764e-01
1.900000000000000000e+04 2.492336207069456577e-04 7.048973930068314075e-05 3.272041503805667162e-04 4.691900976467877626e-04 3.739516017958521843e-03 1.768603338859975338e-03 2.181768941227346659e-04 6.582241039723157883e-04 1.246345578692853451e-03 9.853525261860340834e-05 1.121078431606292725e-02 4.150093067437410355e-03 4.054413642734289169e-03 1.768603338859975338e-03 2.181768941227346659e-04 6.582241039723157883e-04 2.399329245090484619e-01
2.000000000000000000e+04 3.241047088522464037e-04 2.154301182599738240e-04 5.266832187771797180e-03 1.189075410366058350e-03 1.540498249232769012e-02 6.607177201658487320e-03 1.968789874808862805e-04 5.093869194388389587e-02 1.510240603238344193e-03 3.334085922688245773e-04 1.121197827160358429e-02 3.519725752994418144e-03 1.386793144047260284e-02 6.607177201658487320e-03 1.968789874808862805e-04 5.093869194388389587e-02 2.636894881725311279e-01
2.100000000000000000e+04 1.801275793695822358e-04 1.991291537706274539e-05 2.439381350995972753e-04 6.301839603111147881e-04 5.593840032815933228e-04 6.410302012227475643e-04 1.947134878719225526e-04 3.810418536886572838e-03 1.182821230031549931e-03 4.116391573916189373e-05 6.203197874128818512e-03 3.086510812863707542e-03 1.040289644151926041e-03 6.410302012227475643e-04 1.947134878719225526e-04 3.810418536886572838e-03 2.245367616415023804e-01
2.200000000000000000e+04 1.463971275370568037e-04 4.887768955086357892e-05 1.799719320842996240e-04 9.039992582984268665e-04 1.617976697161793709e-03 1.612512627616524696e-03 1.618870883248746395e-04 7.671358180232346058e-04 1.003988203592598438e-03 7.120229565771296620e-05 4.857337102293968201e-03 2.837036736309528351e-03 1.722284709103405476e-03 1.612512627616524696e-03 1.618870883248746395e-04 7.671358180232346058e-04 2.130615115165710449e-01
2.300000000000000000e+04 2.687913074623793364e-04 2.652034163475036621e-05 1.211600960232317448e-03 2.098422963172197342e-03 1.283062447328120470e-04 3.524283645674586296e-03 2.621128805913031101e-04 7.146220654249191284e-02 1.218735822476446629e-03 4.346978676039725542e-05 6.114744581282138824e-03 3.823261940851807594e-03 7.127022254280745983e-04 3.524283645674586296e-03 2.621128805913031101e-04 7.146220654249191284e-02 2.320782840251922607e-01
2.400000000000000000e+04 1.195969234686344862e-04 2.567022966104559600e-05 6.283652503043413162e-03 3.464271314442157745e-03 4.919729544781148434e-04 1.073980107903480530e-01 3.652955056168138981e-04 3.999959528446197510e-01 7.833822746761143208e-04 3.733838821062818170e-05 1.464050449430942535e-02 6.647238973528146744e-03 1.013856497593224049e-03 1.073980107903480530e-01 3.652955056168138981e-04 3.999959528446197510e-01 2.064095139503479004e-01
2.500000000000000000e+04 1.003787838271819055e-04 4.058102149429032579e-06 8.026867726584896445e-05 4.694551753345876932e-04 1.259394866792717949e-05 2.084177918732166290e-03 1.975909253815189004e-04 3.384036710485816002e-03 5.650848033837974072e-04 1.314335440838476643e-05 3.532982431352138519e-03 1.964814728125929832e-03 4.771248204633593559e-04 2.084177918732166290e-03 1.975909253815189004e-04 3.384036710485816002e-03 1.985984146595001221e-01
2.600000000000000000e+04 6.611091521335765719e-05 2.958515551654272713e-06 6.171363929752260447e-05 3.901199088431894779e-04 9.029732609633356333e-06 9.627361432649195194e-04 2.289619878865778446e-04 5.320386262610554695e-04 3.896321868523955345e-04 1.014575354929547757e-05 3.722338005900382996e-03 1.856983173638582230e-03 5.214227712713181973e-04 9.627361432649195194e-04 2.289619878865778446e-04 5.320386262610554695e-04 1.912737190723419189e-01
2.700000000000000000e+04 6.264694820856675506e-05 3.299559466540813446e-06 6.162968202261254191e-05 4.118772631045430899e-04 1.100006011256482452e-05 3.596205264329910278e-03 1.913646992761641741e-04 6.567687960341572762e-04 3.189071721863001585e-04 9.143683200818486512e-06 5.413977894932031631e-03 2.237917389720678329e-03 5.347359110601246357e-04 3.596205264329910278e-03 1.913646992761641741e-04 6.567687960341572762e-04 1.893977373838424683e-01
2.800000000000000000e+04 6.473983521573245525e-04 1.132561592385172844e-04 3.908142680302262306e-04 8.300750632770359516e-04 2.840810630004853010e-04 1.497222110629081726e-04 1.574094523675739765e-03 1.449703937396407127e-03 1.975559163838624954e-03 2.200359303969889879e-04 5.730169825255870819e-03 1.638177782297134399e-03 3.263846505433320999e-03 1.497222110629081726e-04 1.574094523675739765e-03 1.449703937396407127e-03 2.099231332540512085e-01
2.900000000000000000e+04 1.970406592590734363e-04 2.117256553901825100e-05 2.010755997616797686e-04 2.426515711704269052e-04 6.349680188577622175e-05 3.103512426605448127e-05 5.358480266295373440e-04 6.192851578816771507e-04 8.538713445886969566e-04 4.743208046420477331e-05 3.023175755515694618e-03 8.606126648373901844e-04 1.645753858610987663e-03 3.103512426605448127e-05 5.358480266295373440e-04 6.192851578816771507e-04 1.818302273750305176e-01
3.000000000000000000e+04 1.253561786143109202e-04 1.674980194366071373e-05 1.158382874564267695e-04 3.293392655905336142e-04 6.250654405448585749e-05 2.933531068265438080e-04 2.320841449545696378e-04 1.795826479792594910e-03 5.872758338227868080e-04 3.026846206921618432e-05 2.174551831558346748e-03 6.198506453074514866e-04 1.088775228708982468e-03 2.933531068265438080e-04 2.320841449545696378e-04 1.795826479792594910e-03 1.706328988075256348e-01
3.100000000000000000e+04 6.015416147420182824e-05 1.289861029363237321e-05 7.264648593263700604e-05 3.776320663746446371e-04 2.960513484140392393e-05 8.324185037054121494e-04 1.258872362086549401e-04 7.130601443350315094e-04 4.024824884254485369e-04 2.656263677636161447e-05 3.444811562076210976e-03 7.747631752863526344e-04 6.548415985889732838e-04 8.324185037054121494e-04 1.258872362086549401e-04 7.130601443350315094e-04 1.611383259296417236e-01
3.200000000000000000e+04 5.631596650346182287e-05 1.776741373760160059e-05 4.213142165099270642e-05 5.723123904317617416e-04 5.989687997498549521e-05 1.341878785751760006e-03 2.031534240813925862e-04 2.939677564427256584e-03 3.914406988769769669e-04 3.044844743271823972e-05 4.369679372757673264e-03 1.252953545190393925e-03 3.742883563973009586e-04 1.341878785751760006e-03 2.031534240813925862e-04 2.939677564427256584e-03 1.607433408498764038e-01
3.300000000000000000e+04 3.753493729163892567e-05 1.465501009079162031e-05 3.670154183055274189e-05 3.004607569891959429e-04 1.748067734297364950e-05 8.419370715273544192e-05 1.944709365488961339e-04 2.194262197008356452e-04 3.318778472021222115e-04 3.427864794502966106e-05 3.463943488895893097e-03 9.526029461994767189e-04 2.919383114203810692e-04 8.419370715273544192e-05 1.944709365488961339e-04 2.194262197008356452e-04 1.568939536809921265e-01
3.400000000000000000e+04 1.125334674725309014e-04 2.063888859993312508e-05 5.073774955235421658e-04 1.603756216354668140e-03 1.633942447369918227e-04 5.481731568579562008e-05 8.037575171329081059e-04 4.144568927586078644e-03 5.143119487911462784e-04 6.530878454213961959e-05 2.381077036261558533e-03 2.513251034542918205e-03 3.318998205941170454e-04 5.481731568579562008e-05 8.037575171329081059e-04 4.144568927586078644e-03 1.694156378507614136e-01
3.500000000000000000e+04 4.595491918735206127e-05 1.578812589286826551e-05 3.671611775644123554e-04 5.879219970665872097e-04 7.400225877063348889e-05 2.906771551351994276e-04 3.305175050627440214e-04 1.144596561789512634e-02 3.219564969185739756e-04 4.561583773465827107e-05 2.189211780205368996e-03 1.107833581045269966e-03 2.166304475395008922e-04 2.906771551351994276e-04 3.305175050627440214e-04 1.144596561789512634e-02 1.581622809171676636e-01
3.600000000000000000e+04 4.511025326792150736e-05 1.534610055387020111e-05 4.513956446317024529e-05 3.164331428706645966e-04 2.178477006964385509e-04 9.891299996525049210e-04 3.015255497302860022e-04 2.919108956120908260e-04 2.973686496261507273e-04 3.960636604460887611e-05 2.639100886881351471e-03 1.044464646838605404e-03 3.605656384024769068e-04 9.891299996525049210e-04 3.015255497302860022e-04 2.919108956120908260e-04 1.574229747056961060e-01
3.700000000000000000e+04 3.801014827331528068e-05 8.015228559088427573e-06 7.982548413565382361e-05 3.609550185501575470e-04 3.494616612442769110e-05 7.486214395612478256e-03 2.650483802426606417e-04 4.130944143980741501e-04 2.555116952862590551e-04 2.608227441669441760e-05 2.572546014562249184e-03 1.134502235800027847e-03 1.881652133306488395e-04 7.486214395612478256e-03 2.650483802426606417e-04 4.130944143980741501e-04 1.556659340858459473e-01
3.800000000000000000e+04 9.784473513718694448e-05 1.923745148815214634e-04 2.898266771808266640e-03 4.163551144301891327e-03 1.324127428233623505e-02 8.182595483958721161e-03 9.670630679465830326e-04 7.308578491210937500e-02 7.315719267353415489e-04 2.810415171552449465e-04 5.117003805935382843e-03 5.369479767978191376e-03 1.145433913916349411e-02 8.182595483958721161e-03 9.670630679465830326e-04 7.308578491210937500e-02 1.985170394182205200e-01
3.900000000000000000e+04 4.177697701379656792e-05 8.123047336994204670e-06 9.084239136427640915e-04 5.345966201275587082e-03 6.170202686917036772e-05 2.354081161320209503e-02 2.816453925333917141e-04 2.423059791326522827e-01 1.454335142625495791e-04 1.981715467991307378e-05 4.843852482736110687e-03 5.624214652925729752e-03 1.714068785076960921e-04 2.354081161320209503e-02 2.816453925333917141e-04 2.423059791326522827e-01 1.503815948963165283e-01
4.000000000000000000e+04 3.589003812521696091e-03 1.463691238313913345e-03 1.584390103816986084e-01 2.974218428134918213e-01 7.614508271217346191e-02 1.507377251982688904e-02 2.163502760231494904e-02 4.818746149539947510e-01 6.032075267285108566e-03 3.633415792137384415e-03 1.939822733402252197e-01 3.311771452426910400e-01 7.427653670310974121e-02 1.507377251982688904e-02 2.163502760231494904e-02 4.818746149539947510e-01 2.964517474174499512e-01
4.100000000000000000e+04 1.494721363997086883e-04 9.843750012805685401e-05 1.996947394218295813e-04 1.292792963795363903e-03 2.691346708161290735e-05 7.653242937522009015e-05 8.450980531051754951e-04 6.291141617111861706e-04 7.144302944652736187e-04 1.647200842853635550e-04 7.336270529776811600e-03 2.214831067249178886e-03 1.768372487276792526e-03 7.653242937522009015e-05 8.450980531051754951e-04 6.291141617111861706e-04 2.030291408300399780e-01
4.200000000000000000e+04 6.815551751060411334e-05 3.990966797573491931e-05 2.387401764281094074e-04 8.748169057071208954e-04 3.089310484938323498e-05 5.347258411347866058e-05 2.764509117696434259e-04 2.990748034790158272e-04 3.563629579730331898e-04 5.917446469538845122e-05 5.460543092340230942e-03 1.625670818611979485e-03 1.560528762638568878e-03 5.347258411347866058e-05 2.764509117696434259e-04 2.990748034790158272e-04 1.933370977640151978e-01
4.300000000000000000e+04 4.549648656393401325e-05 2.505852353351656348e-05 3.735718782991170883e-04 6.712670437991619110e-04 2.612231037346646190e-05 5.424132687039673328e-04 1.032515428960323334e-04 2.057234087260439992e-04 2.730813575908541679e-04 3.168689363519661129e-05 3.831784008070826530e-03 1.284983241930603981e-03 1.339202746748924255e-03 5.424132687039673328e-04 1.032515428960323334e-04 2.057234087260439992e-04 1.864483505487442017e-01
4.400000000000000000e+04 2.268337630084715784e-05 1.558459007355850190e-05 3.344828146509826183e-04 6.390421185642480850e-04 1.518162844149628654e-05 3.620290226535871625e-05 7.178381929406896234e-05 4.433674330357462168e-04 1.862596400314942002e-04 2.099872108374256641e-05 3.398312954232096672e-03 1.266043866053223610e-03 8.034456986933946609e-04 3.620290226535871625e-05 7.178381929406896234e-05 4.433674330357462168e-04 1.739322394132614136e-01
4.500000000000000000e+04 1.966693344002123922e-05 9.946811587724369019e-06 5.153023084858432412e-05 4.733107634820044041e-04 1.686901305220089853e-05 7.731626974418759346e-04 9.464496542932465672e-05 1.741209416650235653e-03 2.020318643189966679e-04 1.233552211488131434e-05 3.407287178561091423e-03 1.103294314816594124e-03 4.691726062446832657e-04 7.731626974418759346e-04 9.464496542932465672e-05 1.741209416650235653e-03 1.700316816568374634e-01
4.600000000000000000e+04 1.855118898674845695e-05 2.599551862658699974e-06 4.321456799516454339e-05 5.123444716446101665e-04 1.218026500282576308e-05 4.908477421849966049e-05 1.169305323855951428e-04 2.311836287844926119e-04 2.141149743692949414e-04 5.346526904759230092e-06 4.331469070166349411e-03 1.291479216888546944e-03 2.318752667633816600e-04 4.908477421849966049e-05 1.169305323855951428e-04 2.311836287844926119e-04 1.674739122390747070e-01
4.700000000000000000e+04 1.342509949608938769e-05 1.801537564460886642e-06 3.283936530351638794e-05 3.528994857333600521e-04 1.272084045922383666e-05 7.296704279724508524e-05 6.171832501422613859e-05 4.636012017726898193e-03 1.347901998087763786e-04 4.415008334035519511e-06 4.686394240707159042e-03 1.148745650425553322e-03 1.362739712931215763e-04 7.296704279724508524e-05 6.171832501422613859e-05 4.636012017726898193e-03 1.650188416242599487e-01
4.800000000000000000e+04 3.602354263421148062e-05 3.422964255150873214e-06 1.772318209987133741e-04 8.248181547969579697e-04 4.326394264353439212e-05 2.306062669958919287e-04 1.693922822596505284e-04 3.106365446001291275e-03 1.882545911939814687e-04 1.419293857907177880e-05 4.504562355577945709e-03 1.925828168168663979e-03 1.354594423901289701e-04 2.306062669958919287e-04 1.693922822596505284e-04 3.106365446001291275e-03 1.597297787666320801e-01
4.900000000000000000e+04 1.051369599736062810e-05 1.620249804545892403e-06 1.926370896399021149e-05 2.330945135327056050e-04 4.675963737099664286e-06 2.030925359576940536e-03 6.747287989128381014e-05 2.762477379292249680e-04 6.430481880670413375e-05 5.346425950847333297e-06 3.910191822797060013e-03 9.726249263621866703e-04 1.034200904541648924e-04 2.030925359576940536e-03 6.747287989128381014e-05 2.762477379292249680e-04 1.613755077123641968e-01
5.000000000000000000e+04 1.111578421841841191e-05 2.372795051996945404e-06 4.249660123605281115e-04 2.245275303721427917e-03 2.990990833495743573e-05 2.167874202132225037e-02 1.071611404768191278e-04 6.697900593280792236e-02 3.852029840345494449e-05 6.510977982543408871e-06 3.112399484962224960e-03 2.505993237718939781e-03 1.094484032364562154e-04 2.167874202132225037e-02 1.071611404768191278e-04 6.697900593280792236e-02 1.610727906227111816e-01
5.100000000000000000e+04 7.745896255073603243e-06 1.142479277405072935e-06 1.626092489459551871e-05 1.875936577562242746e-04 8.972527325568080414e-07 2.401239908067509532e-05 5.644501288770698011e-05 1.217484896187670529e-04 3.800048216362483799e-05 3.871041826641885564e-06 2.143912715837359428e-03 6.397772813215851784e-04 1.096479609259404242e-04 2.401239908067509532e-05 5.644501288770698011e-05 1.217484896187670529e-04 1.624471247196197510e-01
5.200000000000000000e+04 2.053617063211277127e-04 1.939983048941940069e-04 2.740086056292057037e-04 7.162605179473757744e-04 9.640220378059893847e-05 3.818550612777471542e-04 5.947281024418771267e-04 5.265515646897256374e-04 6.804710719734430313e-04 5.583456950262188911e-04 8.384973742067813873e-03 2.334943041205406189e-03 2.630833187140524387e-04 3.818550612777471542e-04 5.947281024418771267e-04 5.265515646897256374e-04 1.955793648958206177e-01
5.300000000000000000e+04 5.771386349806562066e-05 3.662123344838619232e-05 6.426955224014818668e-05 2.380742225795984268e-04 9.157499880529940128e-05 9.656998372520320117e-06 1.680761197349056602e-04 2.168964856537058949e-04 2.411435998510569334e-04 1.073082894436083734e-04 5.340295843780040741e-03 6.745863356627523899e-04 2.633005206007510424e-04 9.656998372520320117e-06 1.680761197349056602e-04 2.168964856537058949e-04 1.822411119937896729e-01
5.400000000000000000e+04 2.910645889642182738e-05 1.192583295051008463e-05 4.831336264032870531e-05 3.059463633690029383e-04 8.603376772953197360e-05 7.516064215451478958e-05 1.098853754228912294e-04 1.617159286979585886e-04 1.345974160358309746e-04 3.094038038398139179e-05 2.584882546216249466e-03 7.683045114390552044e-04 1.300305593758821487e-04 7.516064215451478958e-05 1.098853754228912294e-04 1.617159286979585886e-04 1.788157373666763306e-01
5.500000000000000000e+04 1.362764851364772767e-05 1.031856754707405344e-05 7.054000889183953404e-05 5.386723205447196960e-04 2.668089109647553414e-05 1.247846375918015838e-04 1.014545414363965392e-04 1.424345391569659114e-04 8.750602137297391891e-05 3.195747194695286453e-05 2.289663301780819893e-03 1.182381063699722290e-03 8.432372851530089974e-05 1.247846375918015838e-04 1.014545414363965392e-04 1.424345391569659114e-04 1.738494485616683960e-01
5.600000000000000000e+04 3.522048427839763463e-05 1.022832202579593286e-05 6.753566558472812176e-04 1.724871224723756313e-03 1.284754980588331819e-04 7.576201460324227810e-04 9.368318569613620639e-05 4.197573289275169373e-03 7.907465624157339334e-05 2.890870564442593604e-05 2.780068200081586838e-03 2.591922413557767868e-03 3.616189933381974697e-04 7.576201460324227810e-04 9.368318569613620639e-05 4.197573289275169373e-03 1.713481694459915161e-01
5.700000000000000000e+04 8.802720913081429899e-06 6.173519523144932464e-06 3.491668758215382695e-05 4.088285495527088642e-04 1.611335210327524692e-05 4.645001172320917249e-05 6.541198672493919730e-05 1.600682589923962951e-04 6.280287198023870587e-05 2.661210783116985112e-05 1.376495463773608208e-03 8.647468057461082935e-04 5.723013600800186396e-05 4.645001172320917249e-05 6.541198672493919730e-05 1.600682589923962951e-04 1.676291227340698242e-01
5.800000000000000000e+04 1.469789276598021388e-05 2.424094964226242155e-05 3.205278480891138315e-04 3.170392592437565327e-04 1.564083620905876160e-03 9.844683809205889702e-04 4.721335790236480534e-05 1.242236816324293613e-03 4.774784611072391272e-05 4.096995326108299196e-05 1.300073345191776752e-03 6.868950440548360348e-04 1.408045529387891293e-03 9.844683809205889702e-04 4.721335790236480534e-05 1.242236816324293613e-03 1.676089912652969360e-01
5.900000000000000000e+04 8.185611477529164404e-06 5.373656676965765655e-06 1.080908768926747143e-04 2.964806917589157820e-04 2.224856580141931772e-04 2.740249619819223881e-04 4.654049553209915757e-05 3.875670023262500763e-03 5.148820855538360775e-05 1.066216282197274268e-05 8.177509298548102379e-04 5.527249886654317379e-04 2.517771790735423565e-04 2.740249619819223881e-04 4.654049553209915757e-05 3.875670023262500763e-03 1.651246398687362671e-01
6.000000000000000000e+04 5.905875241296598688e-06 1.601944973117497284e-06 1.949003853951580822e-05 2.806256234180182219e-04 2.148016756109427661e-05 6.401264545274898410e-05 5.456547660287469625e-05 9.164680523099377751e-05 3.905382982338778675e-05 5.073301508673466742e-06 7.065405952744185925e-04 5.727764219045639038e-04 8.503173739882186055e-05 6.401264545274898410e-05 5.456547660287469625e-05 9.164680523099377751e-05 1.639037430286407471e-01
6.100000000000000000e+04 5.706600859411992133e-06 1.042682924889959395e-06 4.150668974034488201e-05 3.554741269908845425e-04 1.505052659922512248e-05 3.840399440377950668e-04 6.255709740798920393e-05 2.934613265097141266e-03 3.769259274122305214e-05 3.062854830204742029e-06 7.401350885629653931e-04 6.856326945126056671e-04 9.830433555180206895e-05 3.840399440377950668e-04 6.255709740798920393e-05 2.934613265097141266e-03 1.642276346683502197e-01
6.200000000000000000e+04 6.190223302837694064e-06 1.417268322256859392e-06 5.065936420578509569e-05 3.739198145922273397e-04 7.795221790729556233e-06 3.739739258890040219e-05 7.613877824041992426e-05 5.072616040706634521e-04 4.475577952689491212e-05 4.771362455358030275e-06 1.054111984558403492e-03 7.367161451838910580e-04 1.430344127584248781e-04 3.739739258890040219e-05 7.613877824041992426e-05 5.072616040706634521e-04 1.664558798074722290e-01
6.300000000000000000e+04 4.427551630215020850e-06 1.266524463972018566e-06 3.325784928165376186e-05 2.995775139424949884e-04 2.199629489041399211e-05 2.395649207755923271e-04 5.302943827700801194e-05 1.256337971426546574e-03 3.051354724448174238e-05 3.387756578376865946e-06 9.028813801705837250e-04 6.945077911950647831e-04 1.205536827910691500e-04 2.395649207755923271e-04 5.302943827700801194e-05 1.256337971426546574e-03 1.670469045639038086e-01
6.400000000000000000e+04 1.334440748905763030e-04 1.997755498450715095e-05 1.830299588618800044e-04 6.916558486409485340e-04 6.810719787608832121e-05 2.542475704103708267e-05 1.874024310382083058e-04 2.493490756023675203e-04 1.466530811740085483e-04 4.195122528471983969e-05 1.297985203564167023e-02 3.126937896013259888e-03 3.074275096878409386e-03 2.542475704103708267e-05 1.874024310382083058e-04 2.493490756023675203e-04 1.702288985252380371e-01
6.500000000000000000e+04 1.988408075703773648e-05 1.067956327460706234e-05 7.643274875590577722e-05 2.498095564078539610e-04 3.254136026953347027e-05 1.158145969384349883e-04 3.445005131652578712e-05 7.218147948151454329e-05 5.803847307106480002e-05 1.807601620384957641e-05 1.529534463770687580e-03 7.655126391910016537e-04 1.086220727302134037e-03 1.158145969384349883e-04 3.445005131652578712e-05 7.218147948151454329e-05 1.698303967714309692e-01
6.600000000000000000e+04 1.073152998287696391e-05 3.442192564762081020e-06 3.012578781635966152e-05 1.418216270394623280e-04 1.280087690247455612e-05 3.163504879921674728e-05 1.257009080291027203e-05 4.133555194130167365e-05 8.255901047959923744e-05 1.212298502650810406e-05 1.191590796224772930e-03 5.570739740505814552e-04 4.867801617365330458e-04 3.163504879921674728e-05 1.257009080291027203e-05 4.133555194130167365e-05 1.693203151226043701e-01
6.700000000000000000e+04 1.432432418368989602e-05 3.111365913355257362e-06 1.594923196535091847e-05 1.058728958014398813e-04 1.407650688634021208e-05 1.260373537661507726e-04 8.535261258657556027e-06 7.943654054543003440e-05 8.101165440166369081e-05 1.872235770861152560e-05 5.978135159239172935e-04 3.644757671281695366e-04 3.061048337258398533e-04 1.260373537661507726e-04 8.535261258657556027e-06 7.943654054543003440e-05 1.648193448781967163e-01
6.800000000000000000e+04 9.516033969703130424e-06 2.715729578994796611e-06 1.362155671813525259e-05 3.611380525398999453e-04 1.048180274665355682e-04 2.643727930262684822e-03 1.206423621624708176e-05 4.128123633563518524e-03 6.154622678877785802e-05 1.580688149260822684e-05 4.805581993423402309e-04 5.108629702590405941e-04 2.885330177377909422e-04 2.643727930262684822e-03 1.206423621624708176e-05 4.128123633563518524e-03 1.636494398117065430e-01
6.900000000000000000e+04 6.725293133058585227e-06 7.899070624262094498e-07 1.669051744102034718e-05 1.564669364597648382e-04 1.871007498266408220e-06 1.571857719682157040e-04 1.348389196209609509e-05 2.209275553468614817e-04 5.801314546260982752e-05 8.154298484441824257e-06 3.964749630540609360e-04 3.969752870034426451e-04 1.407082309015095234e-04 1.571857719682157040e-04 1.348389196209609509e-05 2.209275553468614817e-04 1.626014560461044312e-01
7.000000000000000000e+04 9.866414075077045709e-06 5.639899995912855957e-07 1.346489443676546216e-04 1.870117994258180261e-04 1.710596006887499243e-05 1.367183867841959000e-03 1.447013255528872833e-05 1.545609411550685763e-04 6.135904550319537520e-05 4.717134743259521201e-06 4.324051842559129000e-04 3.584551159292459488e-04 1.122832763940095901e-04 1.367183867841959000e-03 1.447013255528872833e-05 1.545609411550685763e-04 1.627418994903564453e-01
7.100000000000000000e+04 1.223279832629486918e-05 1.986078132176771760e-06 2.405138948233798146e-04 1.818747987272217870e-04 1.098796346923336387e-04 1.982561312615871429e-03 1.101478028431301937e-05 4.097500059287995100e-04 6.728946027578786016e-05 6.442247013183077797e-06 5.325100501067936420e-04 3.439468855503946543e-04 1.514884643256664276e-04 1.982561312615871429e-03 1.101478028431301937e-05 4.097500059287995100e-04 1.630803644657135010e-01
7.200000000000000000e+04 5.860233613930176944e-06 5.527035114027967211e-07 1.853899266279768199e-05 2.073645737254992127e-04 3.289176675025373697e-06 2.044805114564951509e-05 1.347094621451105922e-05 4.929080023430287838e-04 5.048425737186335027e-05 1.317350438512221444e-06 5.037958035245537758e-04 4.047823313158005476e-04 8.411989256273955107e-05 2.044805114564951509e-05 1.347094621451105922e-05 4.929080023430287838e-04 1.625676453113555908e-01
7.300000000000000000e+04 5.232405328570166603e-06 3.893053417414193973e-07 1.077156193787232041e-04 2.782178344205021858e-04 4.028035164083121344e-06 3.224222746212035418e-05 1.296718983212485909e-05 3.162432229146361351e-03 3.904971890733577311e-05 2.724511659835116006e-06 7.329301442950963974e-04 4.057288169860839844e-04 6.479390867752954364e-05 3.224222746212035418e-05 1.296718983212485909e-05 3.162432229146361351e-03 1.625437140464782715e-01
7.400000000000000000e+04 5.156111456017242745e-06 5.642775136038835626e-07 6.575172301381826401e-05 3.067604266107082367e-04 1.298160327678488102e-06 1.706547220237553120e-03 1.763205364113673568e-05 5.147818475961685181e-03 3.493779877317138016e-05 2.733340352278901264e-06 7.956862682476639748e-04 5.039390525780618191e-04 7.122836541384458542e-05 1.706547220237553120e-03 1.763205364113673568e-05 5.147818475961685181e-03 1.626950353384017944e-01
7.500000000000000000e+04 4.914595137961441651e-06 7.911837656138231978e-07 6.175738963065668941e-05 3.137825406156480312e-04 1.540520997878047638e-06 6.813753861933946609e-04 2.102402504533529282e-05 5.081491544842720032e-03 3.409208147786557674e-05 3.183809212714550085e-06 7.730186334811151028e-04 4.998606746084988117e-04 9.031197987496852875e-05 6.813753861933946609e-04 2.102402504533529282e-05 5.081491544842720032e-03 1.640582978725433350e-01
7.600000000000000000e+04 1.069591526174917817e-04 1.887753605842590332e-04 3.534661664161831141e-04 8.177654235623776913e-04 3.188471018802374601e-04 2.154761459678411484e-04 1.687836193013936281e-04 5.430039600469172001e-04 1.894610904855653644e-04 3.241180966142565012e-04 6.002349779009819031e-03 1.348575227893888950e-03 6.310614407993853092e-04 2.154761459678411484e-04 1.687836193013936281e-04 5.430039600469172001e-04 1.901942193508148193e-01
7.700000000000000000e+04 6.871205550851300359e-05 2.697286436159629375e-05 1.038781992974691093e-04 2.344739332329481840e-04 4.300726141082122922e-05 6.892380042700096965e-05 4.727574196294881403e-05 7.982907845871523023e-05 1.096440610126592219e-04 3.093642590101808310e-05 5.129149649292230606e-03 6.930223316885530949e-04 3.926462668459862471e-04 6.892380042700096965e-05 4.727574196294881403e-05 7.982907845871523023e-05 1.874616593122482300e-01
7.800000000000000000e+04 5.420250090537592769e-05 9.045027582033071667e-06 6.188255065353587270e-05 1.587208389537408948e-04 2.847657015081495047e-05 1.922745650517754257e-05 3.070280945394188166e-05 4.931437797495163977e-05 1.112810787162743509e-04 1.136988157668383792e-05 1.705259317532181740e-03 3.814086376223713160e-04 2.263691421831026673e-04 1.922745650517754257e-05 3.070280945394188166e-05 4.931437797495163977e-05 1.838937997817993164e-01
7.900000000000000000e+04 3.024456782441120595e-05 1.331239218416158110e-05 5.734258957090787590e-05 2.809649449773132801e-04 1.362495968351140618e-04 2.284485613927245140e-03 3.485543129500001669e-05 3.782269195653498173e-04 8.479160896968096495e-05 1.132329271058551967e-05 7.818515296094119549e-04 5.235841381363570690e-04 1.938544010045006871e-04 2.284485613927245140e-03 3.485543129500001669e-05 3.782269195653498173e-04 1.772426962852478027e-01
8.000000000000000000e+04 2.253467937407549471e-05 8.762806101003661752e-05 2.608451759442687035e-04 4.356119025032967329e-04 7.829865440726280212e-03 2.621212229132652283e-02 4.312275996198877692e-05 1.133457478135824203e-02 8.357170736417174339e-05 1.637477544136345387e-04 9.791754418984055519e-04 5.882063996978104115e-04 6.817312445491552353e-03 2.621212229132652283e-02 4.312275996198877692e-05 1.133457478135824203e-02 1.824925541877746582e-01
8.100000000000000000e+04 1.683094887994229794e-05 5.058530859969323501e-06 3.415515675442293286e-05 2.609172661323100328e-04 1.260076896869577467e-05 2.498344751074910164e-03 3.662690505734644830e-05 1.129945303546264768e-04 8.453490590909495950e-05 8.679952770762611181e-06 1.369215315207839012e-03 5.432637990452349186e-04 6.648416456300765276e-05 2.498344751074910164e-03 3.662690505734644830e-05 1.129945303546264768e-04 1.673980653285980225e-01
8.200000000000000000e+04 1.766328387020621449e-05 5.294313268677797168e-06 2.659470010257791728e-05 1.609639730304479599e-04 2.432053443044424057e-04 3.100552567047998309e-05 3.481304156593978405e-05 4.467317485250532627e-04 1.095863335649482906e-04 9.209003110299818218e-06 7.443298818543553352e-04 3.419678250793367624e-04 2.823140530381351709e-04 3.100552567047998309e-05 3.481304156593978405e-05 4.467317485250532627e-04 1.668345481157302856e-01
8.300000000000000000e+04 1.044696546159684658e-05 3.744746663869591430e-06 1.060164959199028090e-05 1.710583019303157926e-04 4.897419421467930079e-05 8.045874419622123241e-04 3.749473034986294806e-05 7.501862273784354329e-05 8.297087333630770445e-05 8.498415809299331158e-06 6.002483423799276352e-04 3.545316576492041349e-04 9.521789615973830223e-05 8.045874419622123241e-04 3.749473034986294806e-05 7.501862273784354329e-05 1.630589365959167480e-01
8.400000000000000000e+04 9.385022167407441884e-06 2.873676749004516751e-06 6.218493126652901992e-06 1.569536689203232527e-04 5.331940428732195869e-06 1.221961283590644598e-04 2.932044299086555839e-05 4.703751183114945889e-04 7.744760659988969564e-05 7.600473963975673541e-06 4.052834410686045885e-04 2.896717051044106483e-04 6.353547360049560666e-05 1.221961283590644598e-04 2.932044299086555839e-05 4.703751183114945889e-04 1.614203602075576782e-01
8.500000000000000000e+04 8.706649168743751943e-06 4.619286301021929830e-06 8.325761154992505908e-05 1.623500429559499025e-04 2.963170991279184818e-04 2.625727756822016090e-05 3.206488327123224735e-05 5.933854845352470875e-05 7.464158261427655816e-05 1.283140863961307332e-05 4.258063272573053837e-04 2.854519116226583719e-04 3.169434494338929653e-04 2.625727756822016090e-05 3.206488327123224735e-05 5.933854845352470875e-05 1.613740324974060059e-01
8.600000000000000000e+04 6.552833383466349915e-06 1.293221203013672493e-06 1.461961164750391617e-05 2.214233536506071687e-04 1.592059561517089605e-06 2.202917858085129410e-05 2.666665932338219136e-05 1.863447250798344612e-03 6.249682337511330843e-05 6.234614374989178032e-06 2.757730544544756413e-04 3.394049417693167925e-04 7.922553777461871505e-05 2.202917858085129410e-05 2.666665932338219136e-05 1.863447250798344612e-03 1.597228944301605225e-01
8.700000000000000000e+04 6.516858775285072625e-06 1.000928136818401981e-06 3.940854185202624649e-06 1.207462846650741994e-04 2.772874722722917795e-06 2.463455894030630589e-04 2.193675209127832204e-05 5.705566218239255250e-05 5.757580947829410434e-05 4.545135197986382991e-06 3.181303036399185658e-04 2.084704610751941800e-04 1.009391198749653995e-04 2.463455894030630589e-04 2.193675209127832204e-05 5.705566218239255250e-05 1.596087813377380371e-01
8.800000000000000000e+04 6.104449312260840088e-06 8.966475206761970185e-07 5.273437182040652260e-06 1.196902012452483177e-04 2.220217993453843519e-06 1.725910260574892163e-04 2.348449925193563104e-05 3.893861721735447645e-04 5.150437209522351623e-05 3.625679255492286757e-06 2.521837886888533831e-04 2.088340697810053825e-04 1.025146702886559069e-04 1.725910260574892163e-04 2.348449925193563104e-05 3.893861721735447645e-04 1.586840897798538208e-01
8.900000000000000000e+04 4.817826848011463881e-04 4.970077425241470337e-04 5.563987069763243198e-04 4.952018149197101593e-03 5.474795470945537090e-04 6.918895815033465624e-05 2.399566816166043282e-03 1.329797785729169846e-03 9.615745511837303638e-04 1.188099966384470463e-03 1.493174117058515549e-02 7.855986244976520538e-03 1.051740371622145176e-03 6.918895815033465624e-05 2.399566816166043282e-03 1.329797785729169846e-03 2.197649180889129639e-01
9.000000000000000000e+04 6.883467722218483686e-05 5.870083259651437402e-05 1.052431543939746916e-04 4.061484360136091709e-04 8.009668090380728245e-05 6.878008571220561862e-05 1.382039481541141868e-04 1.499666395829990506e-04 1.540704688522964716e-04 1.864212536020204425e-04 2.398056164383888245e-02 2.613525371998548508e-03 1.338250353001058102e-03 6.878008571220561862e-05 1.382039481541141868e-04 1.499666395829990506e-04 1.898295581340789795e-01
9.100000000000000000e+04 2.016158759943209589e-05 1.674704799370374531e-05 3.299577656434848905e-05 2.753230219241231680e-04 4.692956645158119500e-05 3.437038321862928569e-05 4.642210478777997196e-05 7.622161501785740256e-05 6.156599556561559439e-05 4.726236511487513781e-05 1.224243547767400742e-02 1.368819503113627434e-03 3.472745302133262157e-04 3.437038321862928569e-05 4.642210478777997196e-05 7.622161501785740256e-05 1.855632513761520386e-01
9.200000000000000000e+04 1.360347687295870855e-05 1.428312862117309123e-05 1.811905167414806783e-05 2.302129869349300861e-04 3.035464578715618700e-05 1.942169968970119953e-03 1.311290907324291766e-05 4.258686385583132505e-05 5.095719097880646586e-05 2.758317896223161370e-05 2.435300732031464577e-03 5.087042809464037418e-04 1.947702694451436400e-04 1.942169968970119953e-03 1.311290907324291766e-05 4.258686385583132505e-05 1.827113926410675049e-01
9.300000000000000000e+04 1.586043435963802040e-05 9.483560461376328021e-06 3.043733595404773951e-04 2.810188161674886942e-04 4.435417940840125084e-05 6.131728878244757652e-05 7.618216386617859825e-06 1.272983150556683540e-03 7.810031092958524823e-05 1.948098906723316759e-05 5.857533542439341545e-04 4.059697967022657394e-04 1.780634047463536263e-04 6.131728878244757652e-05 7.618216386617859825e-06 1.272983150556683540e-03 1.761820763349533081e-01
9.400000000000000000e+04 1.137600702350027859e-05 7.108418230927782133e-06 1.560996461194008589e-04 2.933434734586626291e-04 9.023407619679346681e-05 1.085128606064245105e-04 1.056279324984643608e-05 4.021799832116812468e-04 7.054458546917885542e-05 1.476004672440467402e-05 2.803573152050375938e-04 4.340693412814289331e-04 1.994860504055395722e-04 1.085128606064245105e-04 1.056279324984643608e-05 4.021799832116812468e-04 1.687377393245697021e-01
9.500000000000000000e+04 8.885685929271858186e-06 3.123209125988068990e-06 2.200820017606019974e-05 2.229523233836516738e-04 4.936436380376107991e-05 1.925070537254214287e-04 7.550533609901322052e-06 4.822350820177234709e-05 8.978979167295619845e-05 1.178907859866740182e-05 1.584440033184364438e-04 3.441963344812393188e-04 1.184604625450447202e-04 1.925070537254214287e-04 7.550533609901322052e-06 4.822350820177234709e-05 1.666678339242935181e-01
9.600000000000000000e+04 9.380069968756288290e-06 2.988836740769329481e-06 1.146027207141742110e-04 3.506420762278139591e-04 9.087031503440812230e-05 1.422940404154360294e-03 1.102415080822538584e-05 1.293480512686073780e-03 7.171144534368067980e-05 8.047019946388900280e-06 3.299626696389168501e-04 4.996315110474824905e-04 1.713140227366238832e-04 1.422940404154360294e-03 1.102415080822538584e-05 1.293480512686073780e-03 1.631157100200653076e-01
9.700000000000000000e+04 5.874527232663240284e-06 9.129390718953800388e-07 3.832514994428493083e-05 1.839540491346269846e-04 4.890439413429703563e-06 1.109813456423580647e-03 8.282651833724230528e-06 1.893314649350941181e-03 6.087748261052183807e-05 4.747862931253621355e-06 2.501539420336484909e-04 2.849230077117681503e-04 6.760658288840204477e-05 1.109813456423580647e-03 8.282651833724230528e-06 1.893314649350941181e-03 1.628716886043548584e-01
9.800000000000000000e+04 3.966971235058736056e-06 6.824887532275170088e-05 2.868089723051525652e-05 4.550566663965582848e-04 4.297510720789432526e-03 1.808404485927894711e-04 1.922490628203377128e-05 7.413560058921575546e-03 2.205465716542676091e-05 8.103792788460850716e-05 5.453760386444628239e-04 7.695343811064958572e-04 3.780016675591468811e-03 1.808404485927894711e-04 1.922490628203377128e-05 7.413560058921575546e-03 1.647966951131820679e-01
9.900000000000000000e+04 4.156242994213243946e-06 8.330392233801831026e-07 2.429628693789709359e-05 2.175533591071143746e-04 9.053093890543095767e-06 1.935729378601536155e-04 1.570879430801142007e-05 2.498321235179901123e-03 3.990181721746921539e-05 3.200826768079423346e-06 3.245474363211542368e-04 2.990741049870848656e-04 9.127069643000140786e-05 1.935729378601536155e-04 1.570879430801142007e-05 2.498321235179901123e-03 1.592592597007751465e-01
1.000000000000000000e+05 4.112449005333473906e-06 5.821148647555673961e-07 8.463742233288940042e-06 7.376945723081007600e-05 1.485647317167604342e-06 4.246374883223325014e-04 1.242572943738196045e-05 2.624216722324490547e-05 4.150385575485415757e-05 2.207860688940854743e-06 2.223139163106679916e-04 1.449167029932141304e-04 7.134263432817533612e-05 4.246374883223325014e-04 1.242572943738196045e-05 2.624216722324490547e-05 1.606233119964599609e-01
1.010000000000000000e+05 4.378920948511222377e-06 4.289408366275893059e-07 2.188558482885127887e-06 6.977606244618073106e-05 1.383687504130648449e-06 2.416291245026513934e-04 1.367298045806819573e-05 2.851902172551490366e-05 3.960263347835280001e-05 1.786425286809389945e-06 2.328960108570754528e-04 1.370198006043210626e-04 8.424082625424489379e-05 2.416291245026513934e-04 1.367298045806819573e-05 2.851902172551490366e-05 1.606976389884948730e-01
1.020000000000000000e+05 3.860404831357300282e-06 4.177166488261718769e-07 6.575278803211404011e-06 9.556318400427699089e-05 1.670786559770931490e-06 1.324312761425971985e-04 1.367761979054193944e-05 8.723758946871384978e-05 2.751274587353691459e-05 1.050343485076155048e-06 4.150958848185837269e-04 1.788261433830484748e-04 8.663585322210565209e-05 1.324312761425971985e-04 1.367761979054193944e-05 8.723758946871384978e-05 1.608999967575073242e-01
1.030000000000000000e+05 1.758496073307469487e-04 5.828368375659920275e-05 1.726618793327361345e-04 4.440878110472112894e-04 3.648421625257469714e-05 4.708221240434795618e-05 2.936556702479720116e-04 1.378089218633249402e-04 2.360900398343801498e-04 1.399649627273902297e-04 1.421981770545244217e-02 2.198466798290610313e-03 7.184737478382885456e-04 4.708221240434795618e-05 2.936556702479720116e-04 1.378089218633249402e-04 1.974981278181076050e-01
1.040000000000000000e+05 3.367441240698099136e-05 1.728663846733979881e-05 6.485823541879653931e-05 3.691825841087847948e-04 2.054018477792851627e-05 2.159893483621999621e-05 1.397629093844443560e-04 8.969323971541598439e-05 1.844305807026103139e-04 3.486184868961572647e-05 4.137569107115268707e-03 9.213900193572044373e-04 5.861818790435791016e-04 2.159893483621999621e-05 1.397629093844443560e-04 8.969323971541598439e-05 1.979562044143676758e-01
1.050000000000000000e+05 1.361948216072050855e-05 7.203659606602741405e-06 1.095711340894922614e-04 3.237627388443797827e-04 1.350513866782421246e-05 1.174169210571562871e-05 6.631700671277940273e-05 5.400500958785414696e-05 1.303094759350642562e-04 1.081692334992112592e-05 5.677361623384058475e-04 4.994145128875970840e-04 2.811246376950293779e-04 1.174169210571562871e-05 6.631700671277940273e-05 5.400500958785414696e-05 1.925735026597976685e-01
1.060000000000000000e+05 8.373272976314183325e-06 3.615981540860957466e-06 2.395479386905208230e-04 3.289298911113291979e-04 6.862026202725246549e-05 2.146049228031188250e-04 3.689980076160281897e-05 7.858120370656251907e-04 8.930591138778254390e-05 9.378362847201060504e-06 6.640973733738064766e-04 5.030484753660857677e-04 2.500961709301918745e-04 2.146049228031188250e-04 3.689980076160281897e-05 7.858120370656251907e-04 1.872757524251937866e-01
1.070000000000000000e+05 6.549154477397678420e-06 3.403064738449756987e-06 9.405564196640625596e-05 3.199384373147040606e-04 7.906952669145539403e-05 2.688992244657129049e-04 2.465308534738142043e-05 6.289690500125288963e-04 6.375646626111119986e-05 8.584035640524234623e-06 7.974699256010353565e-04 4.726662882603704929e-04 2.031606127275153995e-04 2.688992244657129049e-04 2.465308534738142043e-05 6.289690500125288963e-04 1.808382719755172729e-01
1.080000000000000000e+05 7.055935839161975309e-06 2.409953594906255603e-06 1.651017009862698615e-05 2.177074493374675512e-04 5.270959809422492981e-05 5.266609514364972711e-05 1.090611931431340054e-05 1.138126710429787636e-03 7.345800258917734027e-05 7.553646355518139899e-06 5.292961141094565392e-04 2.991876099258661270e-04 1.159283128799870610e-04 5.266609514364972711e-05 1.090611931431340054e-05 1.138126710429787636e-03 1.774440854787826538e-01
1.090000000000000000e+05 4.324808287492487580e-06 7.812412150087766349e-06 8.460999815724790096e-04 2.923088613897562027e-04 2.902262494899332523e-04 2.422986086457967758e-03 3.191519863321445882e-05 6.867201882414519787e-04 3.331823609187267721e-05 1.100125791708705947e-05 1.080120215192437172e-03 3.963827330153435469e-04 3.265282430220395327e-04 2.422986086457967758e-03 3.191519863321445882e-05 6.867201882414519787e-04 1.678707003593444824e-01
1.100000000000000000e+05 6.569637662323657423e-06 3.062228643102571368e-06 1.504113315604627132e-04 1.993001205846667290e-04 1.710965880192816257e-04 1.319097555096959695e-05 9.302905709773767740e-06 1.771420123986899853e-03 6.853470404166728258e-05 6.421331818273756653e-06 5.708570242859423161e-04 2.611655800137668848e-04 1.860516786109656096e-04 1.319097555096959695e-05 9.302905709773767740e-06 1.771420123986899853e-03 1.681700646877288818e-01
1.110000000000000000e+05 9.843131010711658746e-06 6.558642553500249051e-07 4.741274460684508085e-04 1.037078211084008217e-03 1.522681213828036562e-05 1.107953023165464401e-02 2.377003511355724186e-05 4.214304964989423752e-03 8.205937774619087577e-05 2.509657406335463747e-06 7.362753967754542828e-04 1.069720485247671604e-03 6.688819848932325840e-05 1.107953023165464401e-02 2.377003511355724186e-05 4.214304964989423752e-03 1.652771085500717163e-01
1.120000000000000000e+05 7.861896847316529602e-06 6.602846269743167795e-07 1.055321445164736360e-05 8.581293513998389244e-05 2.102417511196108535e-06 1.222914579557254910e-04 1.058470388670684770e-05 2.493837673682719469e-04 7.069852290442213416e-05 1.665706349740503356e-06 2.769476268440485001e-04 1.602368574822321534e-04 4.715047180070541799e-05 1.222914579557254910e-04 1.058470388670684770e-05 2.493837673682719469e-04 1.633834838867187500e-01
1.130000000000000000e+05 6.776076588721480221e-06 3.773330092826654436e-07 3.086312062805518508e-05 1.662498689256608486e-04 3.159243988193338737e-06 2.475551562383770943e-03 1.492928458901587874e-05 2.375670941546559334e-03 4.181922849966213107e-05 1.137918616223032586e-06 4.491981817409396172e-04 2.455114445183426142e-04 5.786391193396411836e-05 2.475551562383770943e-03 1.492928458901587874e-05 2.375670941546559334e-03 1.614670008420944214e-01
