# step, loss_train, loss_test, metrics_test
0.000000000000000000e+00 2.556182289123535156e+01 1.097191619873046875e+01 1.767824340820312500e+03 3.989028930664062500e-02 7.540168457031250000e+02 4.619225769042968750e+02 1.545234620571136475e-01 2.590273666381835938e+01 3.559593582153320312e+01 1.512467765808105469e+01 1.503020996093750000e+03 3.973325714468955994e-02 6.411657714843750000e+02 4.619225769042968750e+02 1.545234620571136475e-01 2.590273666381835938e+01 3.622976684570312500e+01
1.000000000000000000e+03 2.398702548816800117e-03 1.281584147363901138e-03 4.780811723321676254e-03 2.895693061873316765e-03 7.656838279217481613e-03 5.928186146775260568e-05 9.499746374785900116e-03 1.672604866325855255e-02 1.246713381260633469e-02 2.617632970213890076e-03 2.510666660964488983e-02 5.301616154611110687e-03 7.381302863359451294e-02 5.928186146775260568e-05 9.499746374785900116e-03 1.672604866325855255e-02 4.845898747444152832e-01
2.000000000000000000e+03 1.360603142529726028e-03 6.292122416198253632e-04 2.046286826953291893e-03 1.392562757246196270e-03 1.612210180610418320e-03 8.214448462240397930e-05 3.253274480812251568e-04 2.665247535333037376e-03 8.620603941380977631e-03 1.446074689738452435e-03 1.618319377303123474e-02 2.331146504729986191e-03 2.232024818658828735e-02 8.214448462240397930e-05 3.253274480812251568e-04 2.665247535333037376e-03 3.842794299125671387e-01
3.000000000000000000e+03 1.182909472845494747e-03 2.729855186771601439e-04 1.012468128465116024e-03 1.454904209822416306e-03 1.052228384651243687e-03 5.677992521668784320e-05 2.649881935212761164e-04 1.630572718568146229e-03 6.543293595314025879e-03 5.782928783446550369e-04 1.362440641969442368e-02 2.111808629706501961e-03 1.011419203132390976e-02 5.677992521668784320e-05 2.649881935212761164e-04 1.630572718568146229e-03 3.457885682582855225e-01
4.000000000000000000e+03 5.876831710338592529e-04 7.529956928920000792e-05 1.877766288816928864e-02 1.203574007377028465e-03 2.448996761813759804e-03 6.567953096237033606e-05 2.633959811646491289e-04 2.707540756091475487e-03 4.118437878787517548e-03 3.179603954777121544e-04 3.332786634564399719e-02 3.370735794305801392e-03 7.246415596455335617e-03 6.567953096237033606e-05 2.633959811646491289e-04 2.707540756091475487e-03 2.481939643621444702e-01
5.000000000000000000e+03 1.089739962480962276e-03 3.861674122163094580e-05 1.381436013616621494e-03 1.165197580121457577e-03 4.346816567704081535e-04 1.528113061795011163e-04 2.711465349420905113e-04 8.944671135395765305e-04 5.356451962143182755e-03 1.086381671484559774e-04 1.719469577074050903e-02 4.085129126906394958e-03 3.288189880549907684e-03 1.528113061795011163e-04 2.711465349420905113e-04 8.944671135395765305e-04 3.222244679927825928e-01
6.000000000000000000e+03 8.759547490626573563e-04 1.672434518695808947e-05 1.507527311332523823e-03 9.821264538913965225e-04 3.627242695074528456e-04 1.515879557700827718e-04 2.628828806336969137e-04 7.378083537332713604e-04 4.649486392736434937e-03 3.998364991275593638e-05 1.996247470378875732e-02 5.067317280918359756e-03 2.081159269437193871e-03 1.515879557700827718e-04 2.628828806336969137e-04 7.378083537332713604e-04 2.997524738311767578e-01
7.000000000000000000e+03 8.623094763606786728e-04 1.102958503906847909e-05 3.610423533245921135e-03 2.819639048539102077e-04 5.746897659264504910e-04 1.085701005649752915e-04 1.781749451765790582e-04 2.634492993820458651e-04 5.224671680480241776e-03 3.241600643377751112e-05 3.123777918517589569e-02 8.749620988965034485e-03 1.520797726698219776e-03 1.085701005649752915e-04 1.781749451765790582e-04 2.634492993820458651e-04 3.148090839385986328e-01
8.000000000000000000e+03 6.389620830304920673e-04 2.008919182117097080e-05 1.106857904233038425e-03 2.804511459544301033e-04 1.010590931400656700e-03 1.323044532909989357e-03 1.880572090158239007e-04 3.014001122210174799e-04 4.452438559383153915e-03 3.073584957746788859e-05 2.857089228928089142e-02 8.501620031893253326e-03 1.730792573653161526e-03 1.323044532909989357e-03 1.880572090158239007e-04 3.014001122210174799e-04 2.828539013862609863e-01
9.000000000000000000e+03 5.380578804761171341e-04 8.067425369517877698e-06 9.857564000412821770e-04 6.599738262593746185e-04 2.702269703149795532e-04 9.869812056422233582e-04 1.660301495576277375e-04 7.331738597713410854e-04 4.062489140778779984e-03 3.781324630836024880e-05 2.172245271503925323e-02 6.967230699956417084e-03 8.361968793906271458e-04 9.869812056422233582e-04 1.660301495576277375e-04 7.331738597713410854e-04 2.659214437007904053e-01
1.000000000000000000e+04 4.501546791289001703e-04 4.939179689245065674e-06 4.018882464151829481e-04 4.140984674450010061e-04 4.084748070454224944e-05 1.589669991517439485e-04 1.615880464669317007e-04 3.051828825846314430e-04 3.656026441603899002e-03 2.348860107304062694e-05 1.867774687707424164e-02 6.043459754437208176e-03 6.549653480760753155e-04 1.589669991517439485e-04 1.615880464669317007e-04 3.051828825846314430e-04 2.489065080881118774e-01
1.100000000000000000e+04 3.636577748693525791e-04 4.027906470582820475e-06 3.239912330172955990e-04 4.573418409563601017e-04 1.985686321859247983e-05 2.037531230598688126e-03 1.903058728203177452e-04 3.250138543080538511e-04 3.078009001910686493e-03 2.016541839111596346e-05 1.556577719748020172e-02 5.037907510995864868e-03 6.858460255898535252e-04 2.037531230598688126e-03 1.903058728203177452e-04 3.250138543080538511e-04 2.278059720993041992e-01
1.200000000000000000e+04 2.976533432956784964e-04 4.497617737797554582e-06 3.796128730755299330e-04 4.511012812145054340e-04 1.699389395071193576e-05 4.509575664997100830e-03 1.485579414293169975e-04 2.150759100914001465e-03 2.679132390767335892e-03 2.155777474399656057e-05 1.156463567167520523e-02 3.888831939548254013e-03 6.291680620051920414e-04 4.509575664997100830e-03 1.485579414293169975e-04 2.150759100914001465e-03 2.101869732141494751e-01
1.300000000000000000e+04 3.216715704184025526e-04 4.621404514182358980e-06 6.130067631602287292e-04 5.217387224547564983e-04 2.543762821005657315e-05 6.185682956129312515e-03 1.255801034858450294e-04 1.121575385332107544e-02 2.613081363961100578e-03 2.112888796546030790e-05 9.018633514642715454e-03 3.110202727839350700e-03 6.305454880930483341e-04 6.185682956129312515e-03 1.255801034858450294e-04 1.121575385332107544e-02 2.139591723680496216e-01
1.400000000000000000e+04 2.389194269198924303e-04 4.935205197398317978e-06 1.797827717382460833e-04 3.255911578889936209e-04 7.169770833570510149e-05 4.297216946724802256e-04 7.878938049543648958e-05 2.444358542561531067e-04 2.111162524670362473e-03 1.967958087334409356e-05 7.577345240861177444e-03 2.709428779780864716e-03 6.788714090362191200e-04 4.297216946724802256e-04 7.878938049543648958e-05 2.444358542561531067e-04 1.898753494024276733e-01
1.500000000000000000e+04 1.034021959640085697e-03 3.189854760421440005e-05 1.318345870822668076e-02 1.468894304707646370e-03 1.237125834450125694e-03 5.361875053495168686e-03 5.954194348305463791e-04 9.942377218976616859e-04 2.673820359632372856e-03 9.379597759107127786e-05 1.654160954058170319e-02 3.114963183179497719e-03 2.127304906025528908e-03 5.361875053495168686e-03 5.954194348305463791e-04 9.942377218976616859e-04 2.511517107486724854e-01
1.600000000000000000e+04 1.238273398485034704e-04 5.184237124922219664e-06 1.585514983162283897e-04 5.967143224552273750e-04 3.857194678857922554e-04 8.174760639667510986e-02 1.040167408064007759e-04 4.547784477472305298e-02 1.262636156752705574e-03 1.683898517512716353e-05 5.843313876539468765e-03 2.401897916570305824e-03 1.033105305396020412e-03 8.174760639667510986e-02 1.040167408064007759e-04 4.547784477472305298e-02 1.443393081426620483e-01
1.700000000000000000e+04 6.892089149914681911e-04 4.233797662891447544e-04 6.989283137954771519e-04 8.305634255520999432e-04 1.969746517715975642e-04 3.876282135024666786e-04 1.531208516098558903e-03 2.052018884569406509e-03 2.376247663050889969e-03 1.210902584716677666e-03 2.077312022447586060e-02 5.647738464176654816e-03 6.209245882928371429e-03 3.876282135024666786e-04 1.531208516098558903e-03 2.052018884569406509e-03 1.938264518976211548e-01
1.800000000000000000e+04 4.088822170160710812e-04 1.296636037295684218e-04 2.837506763171404600e-04 4.847374511882662773e-04 1.333213585894554853e-04 7.814810669515281916e-05 3.625634708441793919e-04 5.706063238903880119e-04 1.537124975584447384e-03 4.519540234468877316e-04 1.426538079977035522e-02 3.788298694416880608e-03 3.002895973622798920e-03 7.814810669515281916e-05 3.625634708441793919e-04 5.706063238903880119e-04 1.586852669715881348e-01
1.900000000000000000e+04 2.213359257439151406e-04 6.152997229946777225e-05 1.509209105279296637e-04 1.887988328235223889e-04 6.991279224166646600e-05 3.443409514147788286e-05 9.476568811805918813e-05 2.037118683801963925e-04 1.162359025329351425e-03 2.238272572867572308e-04 8.847541175782680511e-03 2.280664397403597832e-03 1.147205708548426628e-03 3.443409514147788286e-05 9.476568811805918813e-05 2.037118683801963925e-04 1.417416483163833618e-01
2.000000000000000000e+04 1.340853486908599734e-04 3.080861279158852994e-05 8.373747550649568439e-05 2.187719946959987283e-04 3.734377969522029161e-05 4.924841050524264574e-05 4.366082794149406254e-05 1.374237326672300696e-04 1.008608145639300346e-03 1.227563043357804418e-04 5.926906596869230270e-03 1.700440538115799427e-03 5.580921424552798271e-04 4.924841050524264574e-05 4.366082794149406254e-05 1.374237326672300696e-04 1.321864724159240723e-01
2.100000000000000000e+04 9.338434756500646472e-05 1.650685953791253269e-05 1.070296202669851482e-04 3.687260905280709267e-04 1.439752231817692518e-04 1.294612511992454529e-02 7.360365270869806409e-05 8.715993026271462440e-04 9.345815633423626423e-04 7.066955731716006994e-05 4.717913456261157990e-03 1.631681923754513264e-03 4.556660423986613750e-04 1.294612511992454529e-02 7.360365270869806409e-05 8.715993026271462440e-04 1.246700212359428406e-01
2.200000000000000000e+04 1.090573132387362421e-04 9.640174539526924491e-06 2.605245099402964115e-04 4.385365755297243595e-04 4.618993989424780011e-05 2.357548801228404045e-04 7.953168096719309688e-05 1.828439300879836082e-03 8.854285697452723980e-04 5.066128869657404721e-05 4.240095615386962891e-03 1.552517176605761051e-03 3.018966526724398136e-04 2.357548801228404045e-04 7.953168096719309688e-05 1.828439300879836082e-03 1.259240210056304932e-01
2.300000000000000000e+04 7.592354813823476434e-05 6.572206984856165946e-06 7.514128083130344748e-05 6.794628570787608624e-04 3.892866152455098927e-05 1.142399632954038680e-04 1.278529089177027345e-04 3.832248621620237827e-04 7.238248363137245178e-04 3.328243838041089475e-05 4.602069966495037079e-03 2.011604607105255127e-03 2.902462438214570284e-04 1.142399632954038680e-04 1.278529089177027345e-04 3.832248621620237827e-04 1.090847402811050415e-01
2.400000000000000000e+04 6.166002276586368680e-05 3.476141728242509998e-06 1.720479776849970222e-04 4.081055521965026855e-04 1.877860631793737411e-05 2.473832108080387115e-03 4.374467243906110525e-05 1.643793657422065735e-02 5.811835872009396553e-04 1.464630349801154807e-05 4.496959969401359558e-03 1.692164922133088112e-03 2.454080386087298393e-04 2.473832108080387115e-03 4.374467243906110525e-05 1.643793657422065735e-02 9.981977939605712891e-02
2.500000000000000000e+04 4.504184471443295479e-05 2.390567033216939308e-06 7.843974890420213342e-05 2.738623006734997034e-04 2.298419349244795740e-05 5.685599986463785172e-03 4.093043025932274759e-05 5.105904419906437397e-04 4.176989896222949028e-04 8.911897566576953977e-06 3.081868868321180344e-03 1.229073153808712959e-03 2.835606283042579889e-04 5.685599986463785172e-03 4.093043025932274759e-05 5.105904419906437397e-04 8.405857533216476440e-02
2.600000000000000000e+04 3.653455132734961808e-05 1.942501967278076336e-06 1.049415150191634893e-04 4.227624740451574326e-04 1.222184801008552313e-05 9.835594100877642632e-04 4.736280970973894000e-05 7.874327711760997772e-03 2.343034866498783231e-04 5.423826678452314809e-06 3.180796280503273010e-03 1.280303462408483028e-03 2.976724645122885704e-04 9.835594100877642632e-04 4.736280970973894000e-05 7.874327711760997772e-03 6.682422012090682983e-02
2.700000000000000000e+04 2.712328932830132544e-05 1.961252792170853354e-06 7.492514851037412882e-05 3.481934836599975824e-04 8.748158506932668388e-06 6.948494119569659233e-04 3.642260708147659898e-05 4.007740877568721771e-03 2.096187090501189232e-04 3.640510158220422454e-06 1.484091859310865402e-03 8.329716511070728302e-04 3.213648160453885794e-04 6.948494119569659233e-04 3.642260708147659898e-05 4.007740877568721771e-03 6.270392239093780518e-02
2.800000000000000000e+04 1.516183328931219876e-05 2.378588533247238956e-06 2.002687688218429685e-05 2.301263448316603899e-04 1.058085581462364644e-05 6.792191998101770878e-04 4.514858665061183274e-05 4.386225191410630941e-04 1.476649049436673522e-04 4.170595730101922527e-06 1.098257140256464481e-03 7.548126741312444210e-04 3.332211053930222988e-04 6.792191998101770878e-04 4.514858665061183274e-05 4.386225191410630941e-04 4.991925507783889771e-02
2.900000000000000000e+04 7.783873006701469421e-04 2.388883585808798671e-04 4.080240149050951004e-03 3.345088334754109383e-03 3.529639798216521740e-04 2.527000324334949255e-04 2.995648188516497612e-03 2.875296398997306824e-03 1.845387276262044907e-03 3.306256257928907871e-04 9.675448760390281677e-03 4.506272729486227036e-03 2.554548671469092369e-03 2.527000324334949255e-04 2.995648188516497612e-03 2.875296398997306824e-03 1.671619266271591187e-01
3.000000000000000000e+04 1.210600312333554029e-04 9.355338261229917407e-05 1.739768631523475051e-04 3.175801248289644718e-04 1.754935074131935835e-04 6.366514571709558368e-05 2.158979186788201332e-04 2.569863281678408384e-04 5.662922631017863750e-04 1.527599524706602097e-04 3.804710227996110916e-03 6.607424584217369556e-04 1.291116117499768734e-03 6.366514571709558368e-05 2.158979186788201332e-04 2.569863281678408384e-04 7.499919086694717407e-02
3.100000000000000000e+04 4.088404602953232825e-05 1.515817075414815918e-05 8.012668695300817490e-05 1.413644495187327266e-04 4.601484033628366888e-05 2.132984263880643994e-05 4.756179259857162833e-05 1.135658822022378445e-04 2.647230576258152723e-04 4.436203016666695476e-05 4.073617514222860336e-03 4.122360260225832462e-04 6.281860987655818462e-04 2.132984263880643994e-05 4.756179259857162833e-05 1.135658822022378445e-04 5.720703676342964172e-02
3.200000000000000000e+04 3.212044975953176618e-05 3.820208803517743945e-06 3.977169108111411333e-04 1.124159607570618391e-04 5.500448605744168162e-05 6.976813165238127112e-05 2.188525286328513175e-05 5.282389247440733016e-05 2.500706468708813190e-04 2.736856913543306291e-05 2.125931438058614731e-03 2.382774837315082550e-04 3.985219518654048443e-04 6.976813165238127112e-05 2.188525286328513175e-05 5.282389247440733016e-05 6.046085804700851440e-02
3.300000000000000000e+04 1.364927265967708081e-05 6.421791567845502868e-06 3.942261901102028787e-05 1.073112653102725744e-04 2.179286821046844125e-05 1.663596049183979630e-05 1.309047638642368838e-05 7.804489723639562726e-05 1.159177045337855816e-04 3.735555219464004040e-05 8.094495278783142567e-04 1.877312752185389400e-04 3.884425095748156309e-04 1.663596049183979630e-05 1.309047638642368838e-05 7.804489723639562726e-05 4.302775114774703979e-02
3.400000000000000000e+04 9.104070159082766622e-06 3.645866627266514115e-06 3.014752292074263096e-05 1.349333324469625950e-04 1.011750191537430510e-05 3.114950668532401323e-04 9.983971722249407321e-06 4.451671557035297155e-04 8.250519022112712264e-05 1.812277150747831911e-05 3.462870663497596979e-04 3.467778151389211416e-04 3.234956529922783375e-04 3.114950668532401323e-04 9.983971722249407321e-06 4.451671557035297155e-04 3.701976686716079712e-02
3.500000000000000000e+04 1.361123486276483163e-05 2.757830316113540903e-06 5.107385222800076008e-04 4.156945506110787392e-04 2.542964357417076826e-04 1.630873791873455048e-02 2.043539643636904657e-05 1.528665702790021896e-02 9.616680472390726209e-05 1.137009985541226342e-05 7.537667406722903252e-04 5.165634793229401112e-04 5.179972504265606403e-04 1.630873791873455048e-02 2.043539643636904657e-05 1.528665702790021896e-02 4.237451031804084778e-02
3.600000000000000000e+04 4.412463113112607971e-06 4.667675057135056704e-06 3.528100933181121945e-05 1.684709277469664812e-04 2.508867873984854668e-05 1.254353788681328297e-03 1.447094928153092042e-05 1.623873133212327957e-03 5.550900459638796747e-05 7.100383754732320085e-06 4.809831443708389997e-04 4.377610457595437765e-04 2.523491566535085440e-04 1.254353788681328297e-03 1.447094928153092042e-05 1.623873133212327957e-03 2.914714999496936798e-02
3.700000000000000000e+04 4.514748070505447686e-06 2.673664539543096907e-06 1.801137659640517086e-05 1.535596238682046533e-04 6.261978342081420124e-06 2.288878313265740871e-04 1.980714841920416802e-05 8.130869537126272917e-05 3.522936458466574550e-05 5.748752755607711151e-06 5.763175431638956070e-04 4.672021605074405670e-04 2.488591126166284084e-04 2.288878313265740871e-04 1.980714841920416802e-05 8.130869537126272917e-05 2.767974697053432465e-02
3.800000000000000000e+04 5.490935564012033865e-06 3.283676278442726471e-06 2.353049967496190220e-05 3.772361087612807751e-04 1.177928697870811448e-05 3.105808355030603707e-05 4.128061482333578169e-05 1.329421502305194736e-04 3.481647945591248572e-05 5.623312517855083570e-06 1.259671989828348160e-03 9.035326656885445118e-04 2.519782574381679296e-04 3.105808355030603707e-05 4.128061482333578169e-05 1.329421502305194736e-04 2.782156877219676971e-02
3.900000000000000000e+04 5.231228442426072434e-06 3.331090510982903652e-06 1.654848529142327607e-05 1.611695915926247835e-04 1.706293987808749080e-04 3.614228044170886278e-04 2.555494575062766671e-05 4.082262748852372169e-04 3.020443909917958081e-05 9.391275852976832539e-06 3.472781972959637642e-04 4.528092395048588514e-04 4.033034201711416245e-04 3.614228044170886278e-04 2.555494575062766671e-05 4.082262748852372169e-04 2.788938209414482117e-02
4.000000000000000000e+04 2.712487457756651565e-06 2.411427431070478633e-06 1.080042875400977209e-05 1.639013644307851791e-04 2.497821924407617189e-06 4.414386057760566473e-05 2.554746424721088260e-05 3.224908723495900631e-04 1.628743666515219957e-05 5.202071861276635900e-06 3.508437657728791237e-04 4.993419279344379902e-04 2.229421079391613603e-04 4.414386057760566473e-05 2.554746424721088260e-05 3.224908723495900631e-04 1.920761913061141968e-02
4.100000000000000000e+04 2.479705472069326788e-06 1.092613047148915939e-06 1.150492880697129294e-05 1.720006112009286880e-04 2.493329247954534367e-06 1.422309433110058308e-04 3.438496059970930219e-05 8.724451618036255240e-05 1.947012788150459528e-05 3.087146978941746056e-06 3.359089314471930265e-04 5.449603195302188396e-04 2.185017947340384126e-04 1.422309433110058308e-04 3.438496059970930219e-05 8.724451618036255240e-05 1.976743526756763458e-02
4.200000000000000000e+04 1.771730694599682465e-06 1.088824546968680806e-06 9.655012945586349815e-06 1.192233321489766240e-04 1.435732201571227051e-06 1.485003394918749109e-05 2.483142088749445975e-05 2.460242540109902620e-04 1.180426534119760618e-05 2.318412271051784046e-06 2.164054312743246555e-04 4.025115922559052706e-04 2.172644308302551508e-04 1.485003394918749109e-05 2.483142088749445975e-05 2.460242540109902620e-04 1.636413857340812683e-02
4.300000000000000000e+04 2.266310048071318306e-06 6.555919753736816347e-07 2.084334300889167935e-05 1.302253513131290674e-04 4.745670139527646825e-06 9.432007791474461555e-04 2.629861955938395113e-05 1.630231272429227829e-04 1.549575063108932227e-05 1.856412154666031711e-06 3.154996666125953197e-04 4.306941991671919823e-04 2.099733828799799085e-04 9.432007791474461555e-04 2.629861955938395113e-05 1.630231272429227829e-04 1.681757718324661255e-02
4.400000000000000000e+04 1.847713406277762260e-06 6.798548497499723453e-07 1.492591763962991536e-05 1.189664544654078782e-04 2.592497594378073700e-06 2.031962503679096699e-05 2.835721534211188555e-05 5.653910920955240726e-05 1.445417638024082407e-05 1.789354996617475990e-06 3.417627594899386168e-04 4.078780475538223982e-04 1.935581094585359097e-04 2.031962503679096699e-05 2.835721534211188555e-05 5.653910920955240726e-05 1.650573685765266418e-02
4.500000000000000000e+04 1.257763233297737315e-05 1.067211360350484028e-05 1.948562567122280598e-04 2.716670860536396503e-04 1.418240863131359220e-04 4.050903953611850739e-05 1.222215942107141018e-04 1.497375633334740996e-04 5.881367906113155186e-05 1.674839222687296569e-05 5.286115221679210663e-03 7.588540902361273766e-04 7.727183401584625244e-04 4.050903953611850739e-05 1.222215942107141018e-04 1.497375633334740996e-04 3.151078149676322937e-02
4.600000000000000000e+04 2.058273821603506804e-05 4.350251401774585247e-06 8.677117148181423545e-05 1.764955086400732398e-04 7.285619358299300075e-05 1.853999128798022866e-05 3.461026426521129906e-05 8.091911149676889181e-05 5.080140545032918453e-05 6.723919341311557218e-06 1.631725812330842018e-03 3.197484184056520462e-04 5.697071901522576809e-04 1.853999128798022866e-05 3.461026426521129906e-05 8.091911149676889181e-05 1.974938064813613892e-02
4.700000000000000000e+04 1.452561809855978936e-05 1.529377982478763442e-06 6.302247493294999003e-05 1.430772535968571901e-04 3.369764817762188613e-05 3.510904571157880127e-05 1.350310685666045174e-05 8.003318362170830369e-05 2.763874726952053607e-05 4.024963345727883279e-06 1.074364408850669861e-03 2.431592874927446246e-04 3.756711957976222038e-04 3.510904571157880127e-05 1.350310685666045174e-05 8.003318362170830369e-05 1.360449381172657013e-02
4.800000000000000000e+04 9.045730621437542140e-06 3.787339892369345762e-06 5.062148193246684968e-05 2.242009650217369199e-04 3.035189911315683275e-05 6.250264123082160950e-04 5.725821210944559425e-06 3.182587213814258575e-03 1.299246378039242700e-05 8.186904778995085508e-06 5.146216135472059250e-04 2.730430278461426497e-04 2.831544552464038134e-04 6.250264123082160950e-04 5.725821210944559425e-06 3.182587213814258575e-03 1.043710485100746155e-02
4.900000000000000000e+04 4.639730832423083484e-06 4.035763595311436802e-06 3.210661816410720348e-05 1.594687928445637226e-04 1.690689350652974099e-05 2.809032448567450047e-04 4.357469606475206092e-06 7.974643813213333488e-05 1.224743573402520269e-05 7.892498615547083318e-06 3.496454737614840269e-04 3.252680471632629633e-04 2.559753775130957365e-04 2.809032448567450047e-04 4.357469606475206092e-06 7.974643813213333488e-05 1.218361686915159225e-02
5.000000000000000000e+04 6.122556442278437316e-06 5.717051408282713965e-06 2.444841957185417414e-04 2.930987684521824121e-04 7.691454084124416113e-05 1.307090162299573421e-03 3.743103889064514078e-06 2.091142814606428146e-03 2.187685095123015344e-05 7.008454758761217818e-06 5.738392937928438187e-04 6.108978413976728916e-04 3.016799455508589745e-04 1.307090162299573421e-03 3.743103889064514078e-06 2.091142814606428146e-03 2.020271867513656616e-02
5.100000000000000000e+04 6.340642357827164233e-06 4.712742338597308844e-06 1.096135165425948799e-04 2.196137793362140656e-04 1.700081338640302420e-05 5.210758536122739315e-04 3.430012839089613408e-06 3.138164756819605827e-03 2.831694473570678383e-05 6.736878731317119673e-06 4.036659665871411562e-04 4.015203739982098341e-04 2.414260525256395340e-04 5.210758536122739315e-04 3.430012839089613408e-06 3.138164756819605827e-03 2.305324561893939972e-02
5.200000000000000000e+04 2.759571771093760617e-06 3.512351440804195590e-06 5.040740506956353784e-05 2.225057687610387802e-04 6.119567842688411474e-06 8.593363600084558129e-05 4.674967840401222929e-06 1.048409496434032917e-03 1.702536974335089326e-05 4.702376372733851895e-06 2.007251750910654664e-04 4.467394319362938404e-04 2.172046079067513347e-04 8.593363600084558129e-05 4.674967840401222929e-06 1.048409496434032917e-03 1.644548960030078888e-02
5.300000000000000000e+04 2.047780617431271821e-05 8.017619620659388602e-06 1.256129122339189053e-03 6.470408407039940357e-04 1.103552567656151950e-04 1.105785369873046875e-02 1.467163383495062590e-05 4.363676533102989197e-03 2.602110726002138108e-05 8.325433555000927299e-06 1.400073524564504623e-03 8.483016863465309143e-04 2.859731612261384726e-04 1.105785369873046875e-02 1.467163383495062590e-05 4.363676533102989197e-03 2.270272001624107361e-02
5.400000000000000000e+04 3.223394969609216787e-06 1.720625391499197576e-06 6.136806041467934847e-05 1.657667016843333840e-04 1.024687662720680237e-05 1.914822496473789215e-04 6.534579824801767245e-06 1.917190529638901353e-04 1.992212855839170516e-05 2.920941597039927728e-06 2.044632419710978866e-04 3.335676447022706270e-04 1.878889161162078381e-04 1.914822496473789215e-04 6.534579824801767245e-06 1.917190529638901353e-04 1.545528508722782135e-02
5.500000000000000000e+04 3.251111138524720445e-06 1.435365561519574840e-06 2.870857679226901382e-05 1.522782695246860385e-04 3.227228717150865123e-06 1.792475231923162937e-04 8.103335858322679996e-06 1.043071388266980648e-03 2.330813367734663188e-05 2.234841531389974989e-06 1.883229269878938794e-04 2.948929322883486748e-04 1.531462330603972077e-04 1.792475231923162937e-04 8.103335858322679996e-06 1.043071388266980648e-03 1.815119199454784393e-02
5.600000000000000000e+04 3.575077698769746348e-06 1.004877958621364087e-06 2.777979716483969241e-05 7.106080302037298679e-04 1.136041100835427642e-05 1.686828560195863247e-03 1.454346238460857421e-05 1.677210815250873566e-02 2.723143552429974079e-05 2.057951633105403744e-06 1.805202336981892586e-04 7.180152460932731628e-04 1.345701748505234718e-04 1.686828560195863247e-03 1.454346238460857421e-05 1.677210815250873566e-02 2.004195004701614380e-02
5.700000000000000000e+04 4.984368933946825564e-05 3.002638004545588046e-05 5.658106601913459599e-05 4.285690083634108305e-04 1.386407529935240746e-04 1.614438770047854632e-05 8.960506238508969545e-05 1.833029236877337098e-04 1.352195977233350277e-04 6.046779526514001191e-05 2.364948391914367676e-03 6.792157655581831932e-04 1.003942219540476799e-03 1.614438770047854632e-05 8.960506238508969545e-05 1.833029236877337098e-04 3.460702300071716309e-02
5.800000000000000000e+04 2.674105053301900625e-05 1.394482205796521157e-05 4.460142736206762493e-05 1.833954011090099812e-04 3.425947215873748064e-05 3.514163836371153593e-04 2.526818025216925889e-05 6.248911086004227400e-05 7.842067134333774447e-05 2.349258284084498882e-05 1.364606781862676144e-03 2.875477657653391361e-04 5.817767232656478882e-04 3.514163836371153593e-04 2.526818025216925889e-05 6.248911086004227400e-05 2.553624659776687622e-02
5.900000000000000000e+04 2.261788540636189282e-05 5.913264885748503730e-06 3.405090683372691274e-05 1.292212400585412979e-04 1.804384737624786794e-05 3.141252091154456139e-05 1.952219281520228833e-05 5.130224963068030775e-05 7.154425838962197304e-05 6.416189535229932517e-06 5.964208394289016724e-04 1.983210822800174356e-04 3.078347654081881046e-04 3.141252091154456139e-05 1.952219281520228833e-05 5.130224963068030775e-05 2.378282323479652405e-02
6.000000000000000000e+04 1.741009145916905254e-05 4.144219929003156722e-06 7.953116437420248985e-05 1.122371540986932814e-04 1.033280932460911572e-05 3.647969570010900497e-04 1.470003007852938026e-05 2.695862494874745607e-04 6.107579247327521443e-05 4.604822152032284066e-06 4.349864902906119823e-04 1.890370767796412110e-04 2.089641930069774389e-04 3.647969570010900497e-04 1.470003007852938026e-05 2.695862494874745607e-04 1.935475878417491913e-02
6.100000000000000000e+04 1.325990706391166896e-05 2.707941121116164140e-06 2.096211937896441668e-05 1.324588083662092686e-04 1.433468878531130031e-05 2.538325679779518396e-05 1.108309788833139464e-05 7.800079765729606152e-05 5.332333239493891597e-05 3.557324362191138789e-06 2.279013278894126415e-04 2.339377533644437790e-04 1.495230972068384290e-04 2.538325679779518396e-05 1.108309788833139464e-05 7.800079765729606152e-05 2.178390696644783020e-02
6.200000000000000000e+04 1.110003540816251189e-05 2.103790166074759327e-06 9.905826300382614136e-05 1.513964234618470073e-04 2.670210960786789656e-05 1.107145290006883442e-04 1.151394098997116089e-05 3.642275405582040548e-04 5.250972390058450401e-05 4.876042112300638109e-06 2.384285908192396164e-04 2.899733372032642365e-04 1.277306146221235394e-04 1.107145290006883442e-04 1.151394098997116089e-05 3.642275405582040548e-04 2.588629350066184998e-02
6.300000000000000000e+04 5.623178822133922949e-06 1.874347503871831577e-06 1.499671179772121832e-05 1.195238655782304704e-04 1.711206423351541162e-04 1.976248604478314519e-04 1.415454971720464528e-05 3.888160281348973513e-04 4.077516859979368746e-05 6.662984560534823686e-06 1.702701119938865304e-04 2.586965565569698811e-04 2.452639746479690075e-04 1.976248604478314519e-04 1.415454971720464528e-05 3.888160281348973513e-04 2.253170683979988098e-02
6.400000000000000000e+04 5.109556241222890094e-06 9.305258572567254305e-07 1.088423141482053325e-05 1.221911516040563583e-04 8.875564162735827267e-06 1.263453013962134719e-04 1.482837797084357589e-05 5.795397737529128790e-05 4.227674435242079198e-05 4.286497642169706523e-06 1.978647487703710794e-04 2.818852372001856565e-04 8.950399205787107348e-05 1.263453013962134719e-04 1.482837797084357589e-05 5.795397737529128790e-05 2.318443916738033295e-02
6.500000000000000000e+04 4.131118657824117690e-06 7.945021138766605873e-07 1.474509463150752708e-05 1.123273978009819984e-04 7.942898264445830137e-06 1.129908137954771519e-03 1.751078889355994761e-05 7.659734110347926617e-04 3.769877002923749387e-05 2.040759682131465524e-06 2.389688161201775074e-04 2.436072536511346698e-04 8.818771311780437827e-05 1.129908137954771519e-03 1.751078889355994761e-05 7.659734110347926617e-04 2.255135588347911835e-02
6.600000000000000000e+04 4.595783593686064705e-06 7.172840241764788516e-07 8.247606274380814284e-06 8.069175964919850230e-05 9.366692097501072567e-07 3.090746758971363306e-05 1.990179043787065893e-05 3.927587749785743654e-05 4.095085387234576046e-05 2.380850446570548229e-06 2.804325777105987072e-04 2.643424086272716522e-04 8.581827569287270308e-05 3.090746758971363306e-05 1.990179043787065893e-05 3.927587749785743654e-05 2.309732139110565186e-02
6.700000000000000000e+04 3.919995378964813426e-06 6.341467155834834557e-07 2.600460902613122016e-05 1.363515475532040000e-04 3.819619905698345974e-06 4.895273013971745968e-04 2.090920679620467126e-05 9.026959887705743313e-04 3.474503319012001157e-05 1.468284722250245977e-06 3.393800288904458284e-04 3.801638376899063587e-04 8.047401934163644910e-05 4.895273013971745968e-04 2.090920679620467126e-05 9.026959887705743313e-04 2.211280912160873413e-02
6.800000000000000000e+04 3.586914090192294680e-06 7.108020554369431920e-07 4.291260120226070285e-05 1.715641119517385960e-04 2.410108663752907887e-06 4.315140540711581707e-05 1.997792605834547430e-05 1.941865775734186172e-03 3.052693500649183989e-05 1.852492914622416720e-06 3.605341771617531776e-04 3.118162276223301888e-04 7.808115333318710327e-05 4.315140540711581707e-05 1.997792605834547430e-05 1.941865775734186172e-03 1.978844404220581055e-02
6.900000000000000000e+04 3.618612936406861991e-06 5.675318561770836823e-07 1.174580847873585299e-05 1.135907004936598241e-04 9.214243164024082944e-07 6.191096326801925898e-05 2.243378730781842023e-05 3.358295944053679705e-04 3.173494405928067863e-05 1.409331275681324769e-06 3.282882389612495899e-04 3.098818124271929264e-04 8.290124969789758325e-05 6.191096326801925898e-05 2.243378730781842023e-05 3.358295944053679705e-04 2.017848938703536987e-02
7.000000000000000000e+04 1.053038504323922098e-04 6.698311335640028119e-05 1.250363420695066452e-04 4.251948557794094086e-04 4.730549699161201715e-05 4.081175575265660882e-05 2.000071544898673892e-04 1.719901629257947206e-04 2.945077139884233475e-04 2.018047525780275464e-04 2.428059233352541924e-03 5.779240746051073074e-04 1.772232004441320896e-03 4.081175575265660882e-05 2.000071544898673892e-04 1.719901629257947206e-04 3.561383113265037537e-02
7.100000000000000000e+04 3.396315514692105353e-05 2.851134013326372951e-05 7.371071842499077320e-05 1.251007342943921685e-04 3.684114926727488637e-05 5.509194670594297349e-05 4.619094761437736452e-05 6.416119867935776711e-05 1.335978304268792272e-04 1.005523517960682511e-04 3.218223573639988899e-03 2.360931102884933352e-04 5.059074028395116329e-04 5.509194670594297349e-05 4.619094761437736452e-05 6.416119867935776711e-05 2.579912357032299042e-02
7.200000000000000000e+04 1.619158683752175421e-05 1.879533374449238181e-05 5.240712562226690352e-05 1.297323906328529119e-04 1.046865072567015886e-04 1.471148245036602020e-02 2.670710637175943702e-05 1.090260266209952533e-04 1.014503723126836121e-04 6.224394746823236346e-05 2.517314394935965538e-03 2.353266609134152532e-04 3.795328666456043720e-04 1.471148245036602020e-02 2.670710637175943702e-05 1.090260266209952533e-04 2.405711077153682709e-02
7.300000000000000000e+04 1.168570543086389080e-05 7.161368557717651129e-06 3.055452543776482344e-05 5.270485780783928931e-05 2.058145037153735757e-05 1.044359396473737434e-05 1.473794054618338123e-05 9.204894013237208128e-05 8.047699520830065012e-05 3.926446515833958983e-05 1.623614807613193989e-03 8.997504482977092266e-05 2.055486693279817700e-04 1.044359396473737434e-05 1.473794054618338123e-05 9.204894013237208128e-05 2.081369608640670776e-02
7.400000000000000000e+04 9.484515430813189596e-06 2.095005356750334613e-06 1.996864011744037271e-05 8.300999616039916873e-05 1.439263178326655179e-05 1.479714956076350063e-05 7.038645890133921057e-06 4.181543772574514151e-05 6.692880560876801610e-05 1.608951424714177847e-05 9.929300285875797272e-04 1.226031454280018806e-04 8.859909576131030917e-05 1.479714956076350063e-05 7.038645890133921057e-06 4.181543772574514151e-05 1.976582780480384827e-02
7.500000000000000000e+04 9.426483302377164364e-06 1.132373085965809878e-06 4.282703230273909867e-05 7.395725697278976440e-05 3.486424702714430168e-06 1.516157772130100057e-05 6.380313607223797590e-06 1.121247769333422184e-04 6.036545528331771493e-05 5.644995781040051952e-06 5.666638608090579510e-04 1.205048756673932076e-04 4.313068711780942976e-05 1.516157772130100057e-05 6.380313607223797590e-06 1.121247769333422184e-04 2.035670168697834015e-02
7.600000000000000000e+04 7.121880571503425017e-06 7.370457524302764796e-07 1.062708270183065906e-05 1.134724079747684300e-04 6.784297056583454832e-06 4.743054887512698770e-05 4.824632469535572454e-06 1.296295667998492718e-03 4.955493568559177220e-05 3.282337956989067607e-06 3.878927673213183880e-04 1.739855069899931550e-04 3.487890717224217951e-05 4.743054887512698770e-05 4.824632469535572454e-06 1.296295667998492718e-03 1.807743310928344727e-02
7.700000000000000000e+04 5.378745299822185189e-06 1.790536316548241302e-06 2.176929956476669759e-05 9.813303768169134855e-05 9.683486496214754879e-06 1.421636898157885298e-05 5.333652097760932520e-06 5.830153895658440888e-05 3.754036879399791360e-05 2.598633273009909317e-06 1.868512772489339113e-04 1.875552552519366145e-04 3.133488644380122423e-05 1.421636898157885298e-05 5.333652097760932520e-06 5.830153895658440888e-05 1.688476651906967163e-02
7.800000000000000000e+04 3.353336796863004565e-05 1.008122399070998654e-05 2.317827660590410233e-03 2.828819560818374157e-04 5.716370651498436928e-04 2.829191507771611214e-04 2.944186417153105140e-05 1.022879150696098804e-04 7.840862963348627090e-05 1.368662378808949143e-05 2.056817291304469109e-03 3.681663074530661106e-04 5.056118825450539589e-04 2.829191507771611214e-04 2.944186417153105140e-05 1.022879150696098804e-04 4.306712374091148376e-02
7.900000000000000000e+04 3.921563347830669954e-06 9.201030479744076729e-07 9.514152225165162235e-06 1.289902866119518876e-04 3.538857981766341254e-06 5.149775461177341640e-05 9.668661732575856149e-06 9.792293421924114227e-04 2.866948489099740982e-05 1.802728888833371457e-06 1.193444550153799355e-04 2.254589489893987775e-04 1.840133882069494575e-05 5.149775461177341640e-05 9.668661732575856149e-06 9.792293421924114227e-04 1.788625866174697876e-02
8.000000000000000000e+04 2.663708301042788662e-06 5.965637228655396029e-07 4.890140917268581688e-05 1.702295994618907571e-04 2.967999307657009922e-06 5.220868624746799469e-03 1.653086837904993445e-05 3.716198960319161415e-03 2.029280949500389397e-05 1.910430910356808454e-06 1.892575237434357405e-04 2.776441979221999645e-04 2.017430233536288142e-05 5.220868624746799469e-03 1.653086837904993445e-05 3.716198960319161415e-03 1.504719629883766174e-02
8.100000000000000000e+04 2.950630005216225982e-06 4.767260577409615507e-07 2.441934339003637433e-05 8.084802539087831974e-05 4.986538897355785593e-06 3.062272677198052406e-03 1.400788278260733932e-05 1.052800682373344898e-03 2.256190418847836554e-05 1.580576167725666892e-06 2.578763815108686686e-04 1.920912764035165310e-04 2.874090569093823433e-05 3.062272677198052406e-03 1.400788278260733932e-05 1.052800682373344898e-03 1.567091420292854309e-02
8.200000000000000000e+04 1.893361513793934137e-05 6.198785285960184410e-06 1.672983926255255938e-04 4.718750715255737305e-04 1.483583910157904029e-04 3.867391496896743774e-02 5.193278193473815918e-04 2.829665550962090492e-03 3.179795749019831419e-05 6.192366527102421969e-06 5.082471761852502823e-04 6.104145431891083717e-04 1.708994532236829400e-04 3.867391496896743774e-02 5.193278193473815918e-04 2.829665550962090492e-03 2.467573434114456177e-02
8.300000000000000000e+04 3.946437573176808655e-05 6.105251668486744165e-05 1.002743374556303024e-04 2.614730619825422764e-04 7.922565418994054198e-05 3.985459989053197205e-05 5.525774759007617831e-05 1.172539923572912812e-04 1.147105431300587952e-04 1.174110147985629737e-04 5.097026005387306213e-03 9.879916906356811523e-04 1.141162574640475214e-04 3.985459989053197205e-05 5.525774759007617831e-05 1.172539923572912812e-04 2.440154179930686951e-02
8.400000000000000000e+04 1.256469568033935502e-05 8.128599802148528397e-06 5.118037006468512118e-05 2.025893627433106303e-04 3.129171454929746687e-05 1.761804378475062549e-05 1.670044366619549692e-05 6.466286140494048595e-05 3.790682603721506894e-05 2.352319097553845495e-05 2.225442091003060341e-03 5.428788717836141586e-04 3.921532697859220207e-05 1.761804378475062549e-05 1.670044366619549692e-05 6.466286140494048595e-05 1.594312302768230438e-02
8.500000000000000000e+04 6.162430963740916923e-06 2.617020072648301721e-05 5.246718137641437352e-05 1.486894761910662055e-04 1.917080720886588097e-03 4.096985794603824615e-03 7.589739198010647669e-06 4.916037869406864047e-05 2.071828203042969108e-05 4.244126103003509343e-05 8.769990527071058750e-04 3.090305253863334656e-04 1.633129431866109371e-03 4.096985794603824615e-03 7.589739198010647669e-06 4.916037869406864047e-05 3.326542675495147705e-02
8.600000000000000000e+04 3.169038564010406844e-06 1.787646624507033266e-06 2.274913822475355119e-05 9.100606257561594248e-05 1.242138841917039827e-05 1.323503147432347760e-05 7.451917554135434330e-06 2.487204910721629858e-04 1.031966439768439159e-05 1.275648173759691417e-05 1.035018707625567913e-03 2.339901693630963564e-04 4.721558434539474547e-05 1.323503147432347760e-05 7.451917554135434330e-06 2.487204910721629858e-04 1.081824582070112228e-02
8.700000000000000000e+04 2.213575317000504583e-05 1.464705128455534577e-04 5.279768956825137138e-04 8.474993519484996796e-04 1.082592923194169998e-02 1.273524463176727295e-01 3.570599074009805918e-05 3.955396637320518494e-02 2.138589297828730196e-05 2.098076220136135817e-04 7.632930646650493145e-04 8.674823329783976078e-04 9.303950704634189606e-03 1.273524463176727295e-01 3.570599074009805918e-05 3.955396637320518494e-02 7.831966131925582886e-02
8.800000000000000000e+04 5.350493665901012719e-06 5.748180228692945093e-06 6.305379793047904968e-04 3.558827738743275404e-04 4.399426106829196215e-04 2.496068773325532675e-04 4.006446943094488233e-06 4.819338675588369370e-03 1.192751460621366277e-05 1.860783413576427847e-05 6.998853641562163830e-04 3.718987572938203812e-04 4.203431890346109867e-04 2.496068773325532675e-04 4.006446943094488233e-06 4.819338675588369370e-03 1.745017617940902710e-02
8.900000000000000000e+04 3.197257001374964602e-06 1.846406462391314562e-06 1.320680257776984945e-05 7.390211249003186822e-05 9.424593008588999510e-05 2.058344216493424028e-05 4.870911652687937021e-06 5.696898442693054676e-04 2.664127350726630539e-05 9.191229764837771654e-06 1.704833994153887033e-04 1.335861597908660769e-04 1.202339117298834026e-04 2.058344216493424028e-05 4.870911652687937021e-06 5.696898442693054676e-04 1.831463165581226349e-02
9.000000000000000000e+04 4.086965873284498230e-06 6.698886636513634585e-07 5.767059974459698424e-06 1.884880475699901581e-04 5.189775038161315024e-06 1.046021189540624619e-02 6.558262157341232523e-06 6.126928143203258514e-03 2.793756357277743518e-05 3.995362931163981557e-06 1.736220146995037794e-04 2.188025828218087554e-04 4.713870293926447630e-05 1.046021189540624619e-02 6.558262157341232523e-06 6.126928143203258514e-03 2.079990692436695099e-02
9.100000000000000000e+04 3.576512654035468586e-06 8.093339829429169185e-07 5.800458893645554781e-06 7.368781371042132378e-05 1.572551468598248903e-06 1.400391465722350404e-05 8.343550689460244030e-06 2.600008156150579453e-04 2.952493377961218357e-05 2.444674009893788025e-06 2.213401312474161386e-04 1.674785598879680037e-04 6.648048292845487595e-05 1.400391465722350404e-05 8.343550689460244030e-06 2.600008156150579453e-04 1.884017512202262878e-02
9.200000000000000000e+04 4.768221060658106580e-06 1.363278443022863939e-06 1.339456775895087048e-05 3.505864588078111410e-04 1.205364242196083069e-05 8.451465982943773270e-04 1.278642412216868252e-05 7.168742013163864613e-04 3.067221041419543326e-05 2.780066324703511782e-06 3.897428396157920361e-04 5.394460749812424183e-04 1.280748838325962424e-04 8.451465982943773270e-04 1.278642412216868252e-05 7.168742013163864613e-04 2.032433822751045227e-02
9.300000000000000000e+04 2.761909172477317043e-06 5.861348313374037389e-07 1.798063385649584234e-05 6.540725007653236389e-05 4.550812207071430748e-07 3.010560612892732024e-05 1.146080285252537578e-05 6.089259404689073563e-04 2.240901267214212567e-05 1.643367795622907579e-06 3.569483524188399315e-04 1.760419836500659585e-04 5.104464071337133646e-05 3.010560612892732024e-05 1.146080285252537578e-05 6.089259404689073563e-04 1.678604446351528168e-02
9.400000000000000000e+04 3.100184812865336426e-06 5.751932121711433865e-07 4.774330591317266226e-06 3.743373235920444131e-05 2.274598955409601331e-06 6.396388198481872678e-05 1.168284052255330607e-05 3.308479062980040908e-05 2.442390541546046734e-05 1.603980877007415984e-06 3.573061258066445589e-04 1.616412191651761532e-04 4.482008807826787233e-05 6.396388198481872678e-05 1.168284052255330607e-05 3.308479062980040908e-05 1.708614826202392578e-02
9.500000000000000000e+04 4.105658081243745983e-05 1.807050466595683247e-05 1.826703664846718311e-04 4.486284742597490549e-04 7.176254439400509000e-05 1.544261795061174780e-05 3.063529948121868074e-05 1.508649002062156796e-04 4.253080624039284885e-05 3.589153493521735072e-05 1.114655518904328346e-03 6.647290429100394249e-04 3.676582709886133671e-04 1.544261795061174780e-05 3.063529948121868074e-05 1.508649002062156796e-04 1.892075687646865845e-02
9.600000000000000000e+04 8.771912689553573728e-06 9.193236110149882734e-06 4.736926348414272070e-05 2.138516283594071865e-04 2.728101935645099729e-05 1.873176552180666476e-05 8.925690053729340434e-06 7.260814891196787357e-05 2.337640398764051497e-05 3.182060027029365301e-05 6.809640326537191868e-04 3.406964824534952641e-04 1.819568860810250044e-04 1.873176552180666476e-05 8.925690053729340434e-06 7.260814891196787357e-05 1.429604273289442062e-02
9.700000000000000000e+04 5.699187568097840995e-06 7.755516890028957278e-06 1.788473855413030833e-05 5.323749792296439409e-05 1.309347226197132841e-05 2.060233055090066046e-05 4.514111878961557522e-06 3.782981366384774446e-05 2.807709279295522720e-05 3.285427737864665687e-05 4.488237318582832813e-04 1.101736997952684760e-04 8.105121378321200609e-05 2.060233055090066046e-05 4.514111878961557522e-06 3.782981366384774446e-05 1.315941382199525833e-02
9.800000000000000000e+04 4.291831373848253861e-06 7.326343165914295241e-06 1.907874138851184398e-05 3.629703860497102141e-05 7.252137493196642026e-06 1.016799069475382566e-05 3.627775413406197913e-06 1.549161243019625545e-04 1.919347960210870951e-05 3.478132930467836559e-05 2.835069608408957720e-04 8.047249866649508476e-05 5.007571962778456509e-05 1.016799069475382566e-05 3.627775413406197913e-06 1.549161243019625545e-04 1.293980143964290619e-02
9.900000000000000000e+04 2.186415940741426311e-06 5.416520707512972876e-06 4.043225999339483678e-05 4.691317008109763265e-05 8.217515642172656953e-06 2.660752761585172266e-05 2.316839072591392323e-06 3.085021744482219219e-04 8.985360182123258710e-06 3.025696423719637096e-05 2.251760452054440975e-04 8.743222861085087061e-05 5.172491000848822296e-05 2.660752761585172266e-05 2.316839072591392323e-06 3.085021744482219219e-04 8.615072816610336304e-03
1.000000000000000000e+05 1.495782726124161854e-06 3.067230409214971587e-06 4.068426642334088683e-05 7.427555101457983255e-05 1.216034524986753240e-05 1.611928928468842059e-05 2.263725491502555087e-06 6.747127044945955276e-04 8.797706868790555745e-06 2.239726200059521943e-05 1.908683479996398091e-04 1.185576038551516831e-04 6.457052222685888410e-05 1.611928928468842059e-05 2.263725491502555087e-06 6.747127044945955276e-04 1.097749825567007065e-02
1.010000000000000000e+05 1.093931359719135799e-06 2.244569486720138229e-06 1.535198134661186486e-05 5.351248910301364958e-05 3.254229568483424373e-06 5.354143795557320118e-04 1.363874275739362929e-06 1.000799675239250064e-04 9.185714588966220617e-06 1.601979965926147997e-05 1.604411372682079673e-04 1.221222191816195846e-04 4.395734868012368679e-05 5.354143795557320118e-04 1.363874275739362929e-06 1.000799675239250064e-04 1.112549472600221634e-02
1.020000000000000000e+05 1.952269485627766699e-06 1.087464283955341671e-06 1.142854398494819179e-05 4.420878394739702344e-05 1.255605184269370511e-05 1.724994508549571037e-04 2.508015541025088169e-06 3.507280416670255363e-05 1.734185207169502974e-05 7.839556928956881166e-06 1.659288827795535326e-04 1.196947559947147965e-04 4.502377851167693734e-05 1.724994508549571037e-04 2.508015541025088169e-06 3.507280416670255363e-05 1.484886463731527328e-02
1.030000000000000000e+05 2.958611275971634313e-06 8.649628853163449094e-07 4.669757345254765823e-06 3.781918712775222957e-05 9.739877668835106306e-07 9.949090781447011977e-06 3.320642235848936252e-06 9.776782098924741149e-05 2.291011514898855239e-05 3.384484216439886950e-06 2.216168795712292194e-04 1.431154523743316531e-04 3.054351691389456391e-05 9.949090781447011977e-06 3.320642235848936252e-06 9.776782098924741149e-05 1.720727048814296722e-02
1.040000000000000000e+05 3.092849965469213203e-06 7.449559120686899405e-07 5.346024408936500549e-06 5.587672058027237654e-05 1.125648509514576290e-06 2.323280205018818378e-04 4.767937753058504313e-06 3.620504285208880901e-04 2.297166247444692999e-05 2.837610736605711281e-06 2.021841064561158419e-04 1.466471585445106030e-04 2.980087992909830064e-05 2.323280205018818378e-04 4.767937753058504313e-06 3.620504285208880901e-04 1.689096167683601379e-02
1.050000000000000000e+05 2.820264171532471664e-06 6.877421014905849006e-07 7.404510597552871332e-06 6.868722994113340974e-05 2.615759058244293556e-06 4.522627205005846918e-05 6.574646704393671826e-06 5.955628002993762493e-04 2.105156454490497708e-05 1.710142896627075970e-06 2.228625671705231071e-04 1.636914093978703022e-04 3.909540828317403793e-05 4.522627205005846918e-05 6.574646704393671826e-06 5.955628002993762493e-04 1.681969314813613892e-02
1.060000000000000000e+05 2.924004093074472621e-06 5.847158490723813884e-07 2.465774286974919960e-06 3.344174547237344086e-05 4.957317401022010017e-07 2.025971916737034917e-04 7.815171557012945414e-06 3.759196624741889536e-05 2.345152097404934466e-05 1.788212671272049192e-06 2.633763360790908337e-04 1.238547847606241703e-04 2.926751039922237396e-05 2.025971916737034917e-04 7.815171557012945414e-06 3.759196624741889536e-05 1.725220680236816406e-02
1.070000000000000000e+05 1.808891247492283583e-04 2.162135933758690953e-05 3.252136521041393280e-04 4.711585061158984900e-04 2.642606523295398802e-05 2.005341229960322380e-05 4.620588151738047600e-04 1.743784087011590600e-04 2.784120733849704266e-04 7.052285218378528953e-05 1.060205511748790741e-02 1.724979141727089882e-03 7.453020079992711544e-04 2.005341229960322380e-05 4.620588151738047600e-04 1.743784087011590600e-04 4.260737448930740356e-02
1.080000000000000000e+05 4.568706935970112681e-05 9.148728167929220945e-06 8.012954640435054898e-05 1.832940324675291777e-04 2.161492375307716429e-05 1.081200971384532750e-04 2.935446173069067299e-05 8.093660289887338877e-05 6.076926365494728088e-05 3.081032991758547723e-05 1.444706926122307777e-03 4.512705781962722540e-04 4.365100758150219917e-04 1.081200971384532750e-04 2.935446173069067299e-05 8.093660289887338877e-05 2.049906365573406219e-02
1.090000000000000000e+05 3.345976074342615902e-05 4.193228960502892733e-06 3.499879312585107982e-05 1.373588893329724669e-04 1.256590348930330947e-05 3.859332355204969645e-05 1.096774758480023593e-05 5.865147613803856075e-05 6.027142808306962252e-05 1.699742097116541117e-05 6.889387150295078754e-04 2.884225395973771811e-04 2.561788132879883051e-04 3.859332355204969645e-05 1.096774758480023593e-05 5.865147613803856075e-05 2.202982641756534576e-02
1.100000000000000000e+05 2.075498923659324646e-05 1.605171064511523582e-06 2.130584289261605591e-05 9.910445078276097775e-05 1.548893669678363949e-05 1.675442035775631666e-04 5.933934062340995297e-06 5.019852324039675295e-05 4.537586937658488750e-05 1.085326493921456859e-05 2.530527417548000813e-04 1.835001021390780807e-04 1.336874411208555102e-04 1.675442035775631666e-04 5.933934062340995297e-06 5.019852324039675295e-05 2.099673263728618622e-02
1.110000000000000000e+05 9.579109246260486543e-06 7.945291145006194711e-07 1.187798079627100378e-05 7.420456677209585905e-05 4.711266228696331382e-06 1.069327117875218391e-05 4.148763764533214271e-06 5.370661165216006339e-05 3.255416231695562601e-05 6.704880888719344512e-06 1.770761446096003056e-04 1.378103625029325485e-04 5.504106593434698880e-05 1.069327117875218391e-05 4.148763764533214271e-06 5.370661165216006339e-05 1.853427849709987640e-02
1.120000000000000000e+05 7.732110134384129196e-06 8.447478876405511983e-07 1.606566220289096236e-04 1.179058672278188169e-04 3.073406696785241365e-05 1.452671858714893460e-04 3.672456386993872002e-06 8.377808844670653343e-04 4.310039366828277707e-05 4.881792847299948335e-06 4.147800791542977095e-04 2.167996863136067986e-04 5.022731784265488386e-05 1.452671858714893460e-04 3.672456386993872002e-06 8.377808844670653343e-04 2.600199170410633087e-02
1.130000000000000000e+05 4.100456408195896074e-06 1.077234628610312939e-06 7.394959993689553812e-06 6.023945752531290054e-05 6.479943749582162127e-06 2.133424277417361736e-05 2.703640348045155406e-06 4.467040707822889090e-05 2.926978413597680628e-05 2.735805992415407673e-06 3.840214048977941275e-04 1.183742861030623317e-04 1.373856594000244513e-05 2.133424277417361736e-05 2.703640348045155406e-06 4.467040707822889090e-05 1.933757215738296509e-02
1.140000000000000000e+05 4.269616965757450089e-06 1.215731003867404070e-06 5.371342467697104439e-06 4.316732156439684331e-05 4.805337994184810668e-06 1.602463817107491195e-05 1.988118810913874768e-06 4.871168130193836987e-05 3.583487341529689729e-05 2.587944663900998421e-06 3.647326957434415817e-04 9.452419180888682604e-05 1.196532411995576695e-05 1.602463817107491195e-05 1.988118810913874768e-06 4.871168130193836987e-05 2.176519483327865601e-02
1.150000000000000000e+05 3.630756282291258685e-06 1.270472012038226239e-06 5.167796916794031858e-05 8.379342034459114075e-05 9.572021554049570113e-06 4.676886601373553276e-05 1.762492388479586225e-06 1.155715668573975563e-03 3.181363354087807238e-05 2.359416384933865629e-06 4.009521508123725653e-04 1.252834335900843143e-04 1.629353391763288528e-05 4.676886601373553276e-05 1.762492388479586225e-06 1.155715668573975563e-03 1.898195967078208923e-02
1.160000000000000000e+05 4.139623797527747229e-06 7.956987246870994568e-07 1.945218900800682604e-05 3.977087180828675628e-05 9.476804734731558710e-06 1.166332458524266258e-05 2.660331119841430336e-06 7.652561907889321446e-05 3.697934516821987927e-05 1.922002866194816306e-06 3.304944548290222883e-04 9.690600563772022724e-05 1.774324846337549388e-05 1.166332458524266258e-05 2.660331119841430336e-06 7.652561907889321446e-05 2.153955213725566864e-02
1.170000000000000000e+05 4.560873094305861741e-06 4.686205556936329231e-07 1.461581723560811952e-05 5.967478136881254613e-05 1.088189037545816973e-06 1.011655433103442192e-03 5.953294021310284734e-06 6.859392742626368999e-04 3.724350608536042273e-05 1.217967110278550535e-06 3.407324838917702436e-04 1.422943314537405968e-04 1.548664295114576817e-05 1.011655433103442192e-03 5.953294021310284734e-06 6.859392742626368999e-04 2.217702195048332214e-02
1.180000000000000000e+05 4.215741682855878025e-06 4.356638783065136522e-07 4.149293999944347888e-06 5.147427145857363939e-05 3.140842466109461384e-07 7.186357834143564105e-05 5.304722890286939219e-06 3.242177263018675148e-05 2.528968980186618865e-05 8.265416795438795816e-07 4.140603996347635984e-04 1.156636717496439815e-04 1.912972948048263788e-05 7.186357834143564105e-05 5.304722890286939219e-06 3.242177263018675148e-05 1.987883821129798889e-02
1.190000000000000000e+05 7.104511041688965634e-06 2.208108890044968575e-05 1.105466071749106050e-04 2.088301553158089519e-04 2.713411595323123038e-05 4.702578371507115662e-05 6.135150761110708117e-05 9.836372191784903407e-05 3.203315645805560052e-05 2.097709693771321326e-05 2.448826329782605171e-03 4.078775818925350904e-04 1.897933252621442080e-04 4.702578371507115662e-05 6.135150761110708117e-05 9.836372191784903407e-05 1.761068962514400482e-02
1.200000000000000000e+05 1.275229442398995161e-05 1.403270925948163494e-05 2.106496867781970650e-05 4.601450564223341644e-05 5.065210643806494772e-06 2.301251515746116638e-05 1.360427359031746164e-05 4.743184035760350525e-05 4.804108539246954024e-05 2.170893822039943188e-05 2.110741334035992622e-03 1.475587632739916444e-04 5.169719224795699120e-05 2.301251515746116638e-05 1.360427359031746164e-05 4.743184035760350525e-05 2.142605185508728027e-02
1.210000000000000000e+05 1.059947408066364005e-05 6.891846169310156256e-06 1.401976169290719554e-05 4.340833766036666930e-05 1.306547528656665236e-05 1.433523993910057470e-05 8.178109965228941292e-06 4.865783921559341252e-05 4.973965769750066102e-05 1.402527050231583416e-05 1.071927254088222980e-03 1.019244518829509616e-04 1.069702484528534114e-04 1.433523993910057470e-05 8.178109965228941292e-06 4.865783921559341252e-05 2.149298042058944702e-02
1.220000000000000000e+05 8.590731340518686920e-06 3.969793851865688339e-06 9.404827324033249170e-06 3.893096436513587832e-05 3.521833832564880140e-06 3.561795529094524682e-05 4.985248324373969808e-06 7.501698564738035202e-05 4.501207877183333039e-05 1.196739958686521277e-05 4.309623036533594131e-04 8.654324483359232545e-05 2.858889638446271420e-05 3.561795529094524682e-05 4.985248324373969808e-06 7.501698564738035202e-05 2.344748564064502716e-02
1.230000000000000000e+05 5.471356871566968039e-06 1.573521785758202896e-06 5.814507312607020140e-05 1.071522929123602808e-04 9.814915756578557193e-06 2.919176768045872450e-04 3.402198217372642830e-06 1.487019355408847332e-03 3.630537321441806853e-05 8.154853276209905744e-06 3.401188878342509270e-04 1.474076852900907397e-04 2.614023287605959922e-05 2.919176768045872450e-04 3.402198217372642830e-06 1.487019355408847332e-03 2.097471989691257477e-02
1.240000000000000000e+05 4.749759227706817910e-06 1.066720074049953837e-06 1.619344220671337098e-05 9.029478678712621331e-05 3.247328550060046837e-06 3.861218283418565989e-04 3.968772034568246454e-06 1.197002246044576168e-03 4.001701381639577448e-05 4.743894805869786069e-06 1.763870532158762217e-04 1.543500839034095407e-04 2.243432572868186980e-05 3.861218283418565989e-04 3.968772034568246454e-06 1.197002246044576168e-03 2.352526411414146423e-02
1.250000000000000000e+05 4.540736426861258224e-06 5.729913254981511272e-07 1.459363011235836893e-05 4.423586506163701415e-05 1.358497797809832264e-06 5.830731824971735477e-04 3.445228230702923611e-06 1.462552463635802269e-04 4.018973777419887483e-05 2.397953949184739031e-06 2.126221661455929279e-04 1.159063322120346129e-04 2.452817716402933002e-05 5.830731824971735477e-04 3.445228230702923611e-06 1.462552463635802269e-04 2.387043461203575134e-02
1.260000000000000000e+05 3.448518555160262622e-06 4.531365220827865414e-07 3.978327367804013193e-05 5.395351035986095667e-05 2.010084926951094531e-06 5.564134335145354271e-05 3.107972361249267124e-06 5.834470357513055205e-05 3.031648884643800557e-05 1.636557612982869614e-06 2.788337587844580412e-04 1.313765678787603974e-04 2.594802390376571566e-05 5.564134335145354271e-05 3.107972361249267124e-06 5.834470357513055205e-05 1.833586022257804871e-02
1.270000000000000000e+05 3.404449898880557157e-06 5.707783543584810104e-07 1.042692929331678897e-05 5.092083301860839128e-05 7.795032956892100628e-07 2.153588866349309683e-05 4.551282927423017099e-06 4.913830780424177647e-04 2.903333188442047685e-05 1.554789719193649944e-06 2.838771324604749680e-04 1.234071969520300627e-04 3.965913128922693431e-05 2.153588866349309683e-05 4.551282927423017099e-06 4.913830780424177647e-04 1.973002403974533081e-02
