0.0000000000000000 0.0000000000000000
0.0416666666666667 0.0000000000000000
0.0833333333333333 0.0000000000000000
0.1250000000000000 0.0000000000000000
0.1666666666666667 0.0000000000000000
0.2083333333333333 0.0000000000000000
0.2500000000000000 0.0000000000000000
0.2916666666666666 0.0000000000000000
0.3333333333333333 0.0000000000000000
0.3750000000000000 0.0000000000000000
0.4166666666666666 0.0000000000000000
0.4583333333333333 0.0000000000000000
0.5000000000000000 0.0000000000000000
0.5416666666666666 0.0000000000000000
0.5833333333333333 0.0000000000000000
0.6250000000000000 0.0000000000000000
0.6666666666666666 0.0000000000000000
0.7083333333333333 0.0000000000000000
0.7500000000000000 0.0000000000000000
0.7916666666666666 0.0000000000000000
0.8333333333333333 0.0000000000000000
0.8750000000000000 0.0000000000000000
0.9166666666666666 0.0000000000000000
0.9583333333333333 0.0000000000000000
1.0000000000000000 0.0000000000000000
0.0000000000000000 0.0729166666666667
0.0416671118237982 0.0727993824419751
0.0833341917670430 0.0726844837045303
0.1250012118762668 0.0725739071956355
0.1666681484096227 0.0724694983863402
0.2083349834021040 0.0723729831966780
0.2500017058260449 0.0722859426834058
0.2916683122780043 0.0722097908331683
0.3333348071551176 0.0721457555093512
0.3750012023174942 0.0720948625340582
0.4166675162650779 0.0720579228418159
0.4583337728872267 0.0720355226189669
0.4999999998680826 0.0720280163391736
0.5416662268511788 0.0720355226188684
0.5833324834799823 0.0720579228416255
0.6249987974385584 0.0720948625337883
0.6666651926160585 0.0721457555090199
0.7083316875122110 0.0722097908327978
0.7499982939867906 0.0722859426830211
0.7916650164365886 0.0723729831963049
0.8333318514577206 0.0724694983860043
0.8749987880220671 0.0725739071953601
0.9166658081640953 0.0726844837043346
0.9583328881414214 0.0727993824418734
1.0000000000000000 0.0729166666666667
0.0000000000000000 0.1458333333333333
0.0416676496903781 0.1455926403743692
0.0833352282726822 0.1453569034943553
0.1250026741742997 0.1451300913779945
0.1666699352165559 0.1449159817550172
0.2083369720295066 0.1447181040793428
0.2500037605659459 0.1445396884844740
0.2916702935696864 0.1443836212310800
0.3333365809245394 0.1442524066762826
0.3750026488817544 0.1441481356557499
0.4166685382332683 0.1440724600823114
0.4583343015596660 0.1440265735246768
0.4999999997356006 0.1440111975339244
0.5416656979159932 0.1440265735242815
0.5833314612557553 0.1440724600815469
0.6249973506292651 0.1441481356546669
0.6666634186168133 0.1442524066749532
0.7083297060097922 0.1443836212295928
0.7499962390588872 0.1445396884829292
0.7916630276471259 0.1447181040778447
0.8333300645175173 0.1449159817536683
0.8749973256218778 0.1451300913768879
0.9166647715892641 0.1453569034935691
0.9583323502398872 0.1455926403739601
1.0000000000000000 0.1458333333333333
0.0000000000000000 0.2187500000000000
0.0416683922424560 0.2183733341793531
0.0833366576364422 0.2180045873518924
0.1250046885507500 0.2176499538635633
0.1666723941096284 0.2173153194970795
0.2083397060672581 0.2170061737423702
0.2500065830809719 0.2167275323614468
0.2916730131513562 0.2164838704098037
0.3333390141199351 0.2162790655738253
0.3750046322382510 0.2161163514703077
0.4166699389357381 0.2159982804286160
0.4583350260168548 0.2159266952356550
0.4999999996019655 0.2159027093560604
0.5416649731938300 0.2159266952347336
0.5833300602950088 0.2159982804268338
0.6249953670256366 0.2161163514677827
0.6666609851895532 0.2162790655707251
0.7083269862155440 0.2164838704063350
0.7499934163541487 0.2167275323578420
0.7916602934458576 0.2170061737388736
0.8333276054899251 0.2173153194939293
0.8749953111423202 0.2176499538609781
0.9166633421556395 0.2180045873500543
0.9583316076525163 0.2183733341783963
1.0000000000000000 0.2187500000000000
0.0000000000000000 0.2916666666666667
0.0416694939917887 0.2911343738596944
0.0833387755597552 0.2906136110636952
0.1250076693873665 0.2901130973377544
0.1666760282058696 0.2896410956244655
0.2083437421457285 0.2892052929499755
0.2500107454231817 0.2888126961124556
0.2916770200301827 0.2884695427172665
0.3333425962957619 0.2881812269774067
0.3750075503762693 0.2879522394056787
0.4166719989069327 0.2877861193800089
0.4583360911958998 0.2876854195502842
0.4999999994666700 0.2876516811596187
0.5416639077464203 0.2876854195485537
0.5833280000623111 0.2877861193766618
0.6249924486372903 0.2879522394009351
0.6666574027789178 0.2881812269715809
0.7083229791213326 0.2884695427107450
0.7499892538197551 0.2888126961056758
0.7916562572016476 0.2892052929433945
0.8333239712573514 0.2896410956185335
0.8749923302011431 0.2901130973328823
0.9166612241614817 0.2906136110602290
0.9583305058673720 0.2911343738578885
1.0000000000000000 0.2916666666666667
0.0000000000000000 0.3645833333333334
0.0416711840444260 0.3638676527634435
0.0833420192408440 0.3631681002651145
0.1250122276464269 0.3624963335728714
0.1666815773373832 0.3618633605229014
0.2083498967803943 0.3612793858527537
0.2500170848679618 0.3607536804653100
0.2916831161892082 0.3602944722756899
0.3333480414153982 0.3599088571592533
0.3750119829646213 0.3596027281625914
0.4166751263564004 0.3593807210092009
0.4583377078759065 0.3592461740060545
0.4999999993291446 0.3592011006990441
0.5416622907937458 0.3592461740031530
0.5833248723470044 0.3593807210035873
0.6249880157945462 0.3596027281546338
0.6666519574205110 0.3599088571494748
0.7083168827433419 0.3602944722647385
0.7499829141794566 0.3607536804539159
0.7916501023983942 0.3612793858416861
0.8333184219870521 0.3618633605129158
0.8749877718356509 0.3624963335646629
0.9166579804082180 0.3631681002592683
0.9583288157782528 0.3638676527603947
1.0000000000000000 0.3645833333333334
0.0000000000000000 0.4375000000000000
0.0416738135707018 0.4365636286788710
0.0833470564849110 0.4356494419946191
0.1250192934169615 0.4347725764292343
0.1666901641901456 0.4339472555777706
0.2083594053662700 0.4331866037073114
0.2500268648427522 0.4325024913332136
0.2916925089741781 0.4319054104449032
0.3333564222033913 0.4314043762537229
0.3750187995902449 0.4310068519584906
0.4166799329630740 0.4307186929944457
0.4583401916800524 0.4305441074903546
0.4999999991889933 0.4304856301551269
0.5416598067115570 0.4305441074858101
0.5833200654693792 0.4307186929856516
0.6249811989094476 0.4310068519460183
0.6666435763890586 0.4314043762383887
0.7083074897349158 0.4319054104277160
0.7499731340051808 0.4325024913153169
0.7916405936403433 0.4331866036899084
0.8333098349925664 0.4339472555620522
0.8749807059563157 0.4347725764162966
0.9166529430903718 0.4356494419853931
0.9583261862146406 0.4365636286740525
1.0000000000000000 0.4375000000000000
0.0000000000000000 0.5104166666666667
0.0416779284603383 0.5092108294934832
0.0833549209919048 0.5080353695175337
0.1250303005018840 0.5069095786150931
0.1667035127718165 0.5058514704437788
0.2083741581950648 0.5048775645128371
0.2500420122877587 0.5040027153969036
0.2917070345897544 0.5032399819898763
0.3333693662508238 0.5026005308361438
0.3750293171461849 0.5020935673127198
0.4166873437794983 0.5017262886666137
0.4583440195352850 0.5015038535402052
0.4999999990457287 0.5014293635391135
0.5416559785722840 0.5015038535334012
0.5833126543759346 0.5017262886534422
0.6249706810883402 0.5020935672940303
0.6666306320925826 0.5026005308131470
0.7082929638908212 0.5032399819640772
0.7499579863559386 0.5040027153700068
0.7916258406352954 0.5048775644866498
0.8332964862656317 0.5058514704200902
0.8749696987598738 0.5069095785955656
0.9166450785076505 0.5080353695035834
0.9583220712866781 0.5092108294861850
1.0000000000000000 0.5104166666666667
0.0000000000000000 0.5833333333333334
0.0416843821035941 0.5817952545737759
0.0833672202827037 0.5802988772793002
0.1250474673692077 0.5788684669349349
0.1667242778564233 0.5775264949238540
0.2083970532863075 0.5762934042261924
0.2500654697036730 0.5751874380764931
0.2917294872810027 0.5742245216728165
0.3333893431564762 0.5734181863058700
0.3750455291976497 0.5727795254250631
0.4166987568507537 0.5723171729791279
0.4583499114992030 0.5720372956647702
0.4999999988991495 0.5719435923374496
0.5416500863175119 0.5720372956549040
0.5833012410211823 0.5723171729600212
0.6249544687652189 0.5727795253979320
0.6666106549318840 0.5734181862724557
0.7082705109652468 0.5742245216352830
0.7499345287306278 0.5751874380373085
0.7916029453630800 0.5762934041879757
0.8332757210318645 0.5775264948892216
0.8749525317778530 0.5788684669063258
0.9166327791389515 0.5802988772588190
0.9583156176039279 0.5817952545630360
1.0000000000000000 0.5833333333333334
0.0000000000000000 0.6562500000000000
0.0416945114981967 0.6542996328995483
0.0833864563673406 0.6524069113093498
0.1250742252138979 0.6506020242381472
0.1667565411341884 0.6489126300915357
0.2084325220187551 0.6473636292272753
0.2501017144523188 0.6459770228322932
0.2917641006857229 0.6447718400734017
0.3334200813106272 0.6437641154957138
0.3750704369450664 0.6429668998634913
0.4167162725441750 0.6423902896413989
0.4583589480170014 0.6420414627797540
0.4999999987489595 0.6419247111527047
0.5416410495019298 0.6420414627657929
0.5832837250371892 0.6423902896143471
0.6249295607394991 0.6429668998250472
0.6665799165160800 0.6437641154483071
0.7082358973201730 0.6447718400200738
0.7498982837668406 0.6459770227765153
0.7915674764446781 0.6473636291727642
0.8332434576005424 0.6489126300420182
0.8749257738150484 0.6506020241971392
0.9166135429739275 0.6524069112799099
0.9583054881685505 0.6542996328840668
1.0000000000000000 0.6562500000000000
0.0000000000000000 0.7291666666666667
0.0417104130203582 0.7267024814074142
0.0834165200792434 0.7243187602020913
0.1251158678014225 0.7220526538427042
0.1668065534360560 0.7199377247250460
0.2084873047187382 0.7180037776189345
0.2501575154577975 0.7162768051777688
0.2918172415107014 0.7147790168050289
0.3334671629072766 0.7135289217155008
0.3751085181748680 0.7125414406180438
0.4167430167162194 0.7118280246774082
0.4583727346049184 0.7113967647770945
0.4999999985952949 0.7112524783222913
0.5416272626090146 0.7113967647577283
0.5832569805677271 0.7118280246398613
0.6248914792244179 0.7125414405646244
0.6665328346512840 0.7135289216495353
0.7081827562484201 0.7147790167306797
0.7498424825404443 0.7162768050998338
0.7915126935533320 0.7180037775425658
0.8331934451405808 0.7199377246554745
0.8748841311056236 0.7220526537848988
0.9165834791790033 0.7243187601604516
0.9582895866041687 0.7267024813854356
1.0000000000000000 0.7291666666666667
0.0000000000000000 0.8020833333333334
0.0417353752253231 0.7989768752972884
0.0834634515530413 0.7959840350697238
0.1251805318153108 0.7931499374778640
0.1668838336423463 0.7905145991705749
0.2085715789603764 0.7881129164044017
0.2502430164959076 0.7859747962876021
0.2918983885813742 0.7841253793512397
0.3335388536537909 0.7825853088021508
0.3751663748794872 0.7813710101358866
0.4167835838520270 0.7804949528354214
0.4583936266994154 0.7799658730756563
0.4999999984382278 0.7797889424758540
0.5416063702030530 0.7799658730492600
0.5832164131277511 0.7804949527842004
0.6248336222281526 0.7813710100629231
0.6664611436300950 0.7825853087118816
0.7081016089249279 0.7841253792492701
0.7497569812754492 0.7859747961804102
0.7914284191150415 0.7881129162990311
0.8331161647713636 0.7905145990742255
0.8748194669659844 0.7931499373974923
0.9165365476192944 0.7959840350115727
0.9582646243554593 0.7989768752664550
1.0000000000000000 0.8020833333333334
0.0000000000000000 0.8750000000000000
0.0417745601991151 0.8710887829736907
0.0835366070850383 0.8673400585871358
0.1252806637040925 0.8638076489542638
0.1670027736978086 0.8605381015253610
0.2087005705561138 0.8575710171969224
0.2503732511198867 0.8549395347612474
0.2920214769534576 0.8526708903848157
0.3336472240620238 0.8507869893219895
0.3752535974380317 0.8493049437399842
0.4168446229153797 0.8482375443054954
0.4584250252308081 0.8475936438550413
0.4999999982784541 0.8473784393395540
0.5415749713544069 0.8475936438196445
0.5831553737547661 0.8482375442367490
0.6247463993721192 0.8493049436418941
0.6663527729416568 0.8507869892003745
0.7079785202942384 0.8526708902470416
0.7496267464192139 0.8549395346159321
0.7912994273173338 0.8575710170534974
0.8329972245483434 0.8605381013936294
0.8747193349473925 0.8638076488438183
0.9164633919984552 0.8673400585067933
0.9582254393362490 0.8710887829308398
1.0000000000000000 0.8750000000000000
0.0000000000000000 0.9479166666666667
0.0418360818910901 0.9429947052076263
0.0836504452021512 0.9383083557353622
0.1254351927191804 0.9339199930134546
0.1671849428287835 0.9298816983742263
0.2088967989465358 0.9262362566078446
0.2505701974354994 0.9230182624115980
0.2922066771585349 0.9202552238791690
0.3338096030095467 0.9179685883516819
0.3753838660390020 0.9161746445126868
0.4169355747384174 0.9148852747030092
0.4584717458059682 0.9141085445614241
0.4999999981166747 0.9138491248796896
0.5415282504583361 0.9141085445147242
0.5830644216179169 0.9148852746122021
0.6246161304696671 0.9161746443828821
0.6661903937093566 0.9179685881903089
0.7077933198261110 0.9202552236957428
0.7494297998664756 0.9230182622173151
0.7911031987203518 0.9262362564151648
0.8328150552452365 0.9298816981962550
0.8745648057986225 0.9339199928633162
0.9163495537893914 0.9383083556253883
0.9581639175971286 0.9429947051485407
1.0000000000000000 0.9479166666666667
0.0000000000000000 1.0208333333333335
0.0419327282896966 1.0146381365960138
0.0838272561235079 1.0087897028244261
0.1256727120050405 1.0033566730622541
0.1674623241099369 0.9983934208743532
0.2091931101059530 0.9939422715988724
0.2508654544686506 0.9900356217163790
0.2924826377135925 0.9866978447368900
0.3340503580434198 0.9839469301916708
0.3755762683065305 0.9817958395243518
0.4170695387863161 0.9802535835417400
0.4585404479626059 0.9793260357727549
0.4999999979544417 0.9790164984612341
0.5414595479793549 0.9793260357121658
0.5829304572549462 0.9802535834237746
0.6244237278985808 0.9817958393553360
0.6659496383885197 0.9839469299809013
0.7075173590049100 0.9866978444963248
0.7491345425929231 0.9900356214603158
0.7908068873504307 0.9939422713433974
0.8325376737880991 0.9983934206367729
0.8743272863752386 1.0033566728602563
0.9161727427730437 1.0087897026751940
0.9580672711494825 1.0146381365150741
1.0000000000000000 1.0208333333333335
0.0000000000000000 1.0937500000000000
0.0420847533799077 1.0859439229453696
0.0841013315033521 1.0786567634941946
0.1260360673322762 1.0719561200855898
0.1678817324169208 1.0658908649334784
0.2096366034958381 1.0604953711941993
0.2513035386369017 1.0557930786747360
0.2928891223195240 1.0517994054660500
0.3344029041184720 1.0485240634999256
0.3758567349092998 1.0459728543546258
0.4172641925839618 1.0441490223838377
0.4586400828792425 1.0430542335076609
0.4999999977933953 1.0426892346368901
0.5413599127430822 1.0430542334304558
0.5827358031440542 1.0441490222332777
0.6241432609938701 1.0459728541383606
0.6655970920268358 1.0485240632292199
0.7071108741325759 1.0517994051556105
0.7486964581826352 1.0557930783423064
0.7903633937477824 1.0604953708601801
0.8321182653019086 1.0658908646202285
0.8739639309071646 1.0719561198166974
0.9158986672950391 1.0786567632933557
0.9579152460082316 1.0859439228351158
1.0000000000000000 1.0937500000000000
0.0000000000000000 1.1666666666666667
0.0423245112586835 1.1568086696341067
0.0845253391091694 1.1477425926199101
0.1265888465606114 1.1395158293569130
0.1685106091062507 1.1321548254439791
0.2102934169417753 1.1256717109767880
0.2519456201499781 1.1200692931994145
0.2934797956792505 1.1153447417529334
0.3349116883408600 1.1114922736301909
0.3762593753335939 1.1085050815049500
0.4175426065422762 1.1063766926848637
0.4587822776012999 1.1051018980296730
0.4999999976362392 1.1046773502760792
0.5412177177084555 1.1051018979331961
0.5824573888794737 1.1063766924964014
0.6237406202731718 1.1085050812334178
0.6650883075225410 1.1114922732888903
0.7065202005092260 1.1153447413593323
0.7480543764290263 1.1200692927750173
0.7897065800885906 1.1256717105467047
0.8314893884316948 1.1321548250365643
0.8734111515350583 1.1395158290029843
0.9154746595880008 1.1477425923518922
0.9576754880760716 1.1568086694846065
1.0000000000000000 1.1666666666666667
0.0000000000000000 1.2395833333333335
0.0427044201212932 1.2270833888071873
0.0851800633500370 1.2158220723225168
0.1274242805892312 1.2057783549709560
0.1694441695512194 1.1969211919861369
0.2112540172000572 1.1892146073489407
0.2528731981854479 1.1826217699974346
0.2943246335495665 1.1771077262285750
0.3356336803697514 1.1726411661766756
0.3768273401234898 1.1691955336138926
0.4179336980634638 1.1667497023158129
0.4589815262075909 1.1652883731983319
0.4999999974857700 1.1648022949862413
0.5410184688032621 1.1652883730803507
0.5820662970643763 1.1667497020848787
0.6231726551984916 1.1691955332800930
0.6643663152211546 1.1726411657550935
0.7056753623830531 1.1771077257393685
0.7471267981579763 1.1826217694656969
0.7887459796198215 1.1892146068047631
0.8305558278058313 1.1969211914643509
0.8725757173608214 1.2057783545110288
0.9148199352426820 1.2158220719680162
0.9572955791572801 1.2270833886051895
1.0000000000000000 1.2395833333333335
0.0000000000000000 1.3125000000000000
0.0433112924284845 1.2965402511011703
0.0861891482910103 1.2825816858060366
0.1286767924527257 1.2704115508213356
0.1708133055763781 1.2598713550195937
0.2126380456521882 1.2508327646257575
0.2541907129877181 1.2431904660375859
0.2955110607807835 1.2368583013810661
0.3366386441663698 1.2317667364477500
0.3776126750080572 1.2278610403786419
0.4184719766081478 1.2250999358961638
0.4592550168645326 1.2234546123553909
0.4999999973459082 1.2229080478964693
0.5407449778677386 1.2234546122144920
0.5815280182457639 1.2250999356198191
0.6223873200470419 1.2278610399777674
0.6633613511683614 1.2317667359389028
0.7044889349091413 1.2368583007865011
0.7458092831305713 1.2431904653856278
0.7873619509637235 1.2508327639509824
0.8291866916029224 1.2598713543634503
0.8713232053510949 1.2704115502326241
0.9138108501941812 1.2825816853419878
0.9566887067900790 1.2965402508288253
1.0000000000000000 1.3125000000000000
0.0000000000000000 1.3854166666666667
0.0442932995104493 1.3648062786393256
0.0877405518759083 1.3475720007790439
0.1305353041582403 1.3329834081040595
0.1727913953016371 1.3206233529701203
0.2145967851862488 1.3102015697998266
0.2560254354621017 1.3015047440776562
0.2971425295142506 1.2943722216277211
0.3380072575103424 1.2886822299857297
0.3786745334717555 1.2843433612525359
0.4191961915419339 1.2812890599325819
0.4596219112213977 1.2794740157751858
0.4999999972204285 1.2788718831727086
0.5403780832613465 1.2794740156112747
0.5808038030654917 1.2812890596104043
0.6213254613428144 1.2843433607835222
0.6619927375916295 1.2886822293872136
0.7028574659538296 1.2943722209234065
0.7439745604476338 1.3015047432979956
0.7854032112382237 1.3102015689830064
0.8272086017070707 1.3206233521631143
0.8694646935015149 1.3329834073648019
0.9122594464989080 1.3475720001796154
0.9557066996427372 1.3648062782726409
1.0000000000000000 1.3854166666666667
0.0000000000000000 1.4583333333333335
0.0459104432289280 1.4312340998843052
0.0901140220409515 1.4101418207570418
0.1332542545705621 1.3929381732759507
0.1755958977084882 1.3787303624602709
0.2173100087820376 1.3669719585408111
0.2585223557420716 1.3572960721587699
0.2993330336336435 1.3494443187527836
0.3398261316951269 1.3432305523587935
0.3800751783638597 1.3385203228374085
0.4201465665484972 1.3352185016359379
0.4601019361624726 1.3332616333354266
0.4999999971139412 1.3326133021998123
0.5398980581077497 1.3332616331501077
0.5798534278491042 1.3352185012709761
0.6199248162445431 1.3385203223042339
0.6601738632066202 1.3432305516749672
0.7006669616413518 1.3494443179423419
0.7414776399842602 1.3572960712531765
0.7826899874706292 1.3669719575800057
0.8244040991435362 1.3787303614949407
0.8667457429516691 1.3929381723708381
0.9098859762226125 1.4101418199978679
0.9540895558513690 1.4312340993925468
1.0000000000000000 1.4583333333333335
0.0000000000000000 1.5312500000000000
0.0486124618879223 1.4946993522739134
0.0937029176739406 1.4693786399226567
0.1371516105610150 1.4495953745322128
0.1794775741772509 1.4336999339514709
0.2209729764100554 1.4207938691721202
0.2618317459271315 1.4103195098606349
0.3021963651926130 1.4019060941676156
0.3421791658153136 1.3952978621033232
0.3818735344528681 1.3903160482040700
0.4213605371805615 1.3868372191078064
0.4607132663678548 1.3847804546838252
0.4999999970302681 1.3840998312025250
0.5392867277358733 1.3847804544807083
0.5786394570517105 1.3868372187070632
0.6181264599930253 1.3903160476168737
0.6578208289270668 1.3952978613467344
0.6978036299277461 1.4019060932652809
0.7381682496497917 1.4103195088435099
0.7790270197002062 1.4207938680802275
0.8205224225406665 1.4336999328362854
0.8628483868384715 1.4495953734617595
0.9062970804827805 1.4693786389911119
0.9513875371120687 1.4946993516265266
1.0000000000000000 1.5312500000000000
0.0000000000000000 1.6041666666666667
0.0530782182203811 1.5535037192944667
0.0989911942190703 1.5241482108967843
0.1425749322129221 1.5022140200912202
0.1846891164860770 1.4850517067570475
0.2257704351072760 1.4713608893452266
0.2660885066754322 1.4603857586549140
0.3058301503103529 1.4516474678960398
0.3451355910865663 1.4448275152621124
0.3841166869589199 1.4397093253864510
0.4228672995673561 1.4361463764254678
0.4614698624091350 1.4340439880970948
0.4999999969733515 1.4333489215719601
0.5385301315806977 1.4340439878817235
0.5771326945522325 1.4361463760000048
0.6158833073753084 1.4397093247615309
0.6548644035462282 1.4448275144541205
0.6941698447021605 1.4516474669274919
0.7339114887961673 1.4603857575555763
0.7742295608998593 1.4713608881534863
0.8153108801317299 1.4850517055230741
0.8574250650899559 1.5022140188822453
0.9010088038469960 1.5241482098093317
0.9469217807005952 1.5535037184860137
1.0000000000000000 1.6041666666666667
0.0000000000000000 1.6770833333333335
0.0600186233455720 1.6059072043328300
0.1064324000655496 1.5733623671043035
0.1498237479412324 1.5501523456824948
0.1914329585413902 1.5324183015002739
0.2318400767974314 1.5184743096098581
0.2713859295208596 1.5074008548247939
0.3102968616417529 1.4986401546818311
0.3487363826305230 1.4918325855031607
0.3868305227051376 1.4867390599291692
0.4246819372729544 1.4832004188354171
0.4623786386773013 1.4811149595772137
0.4999999969453988 1.4804258968841635
0.5376213552571624 1.4811149593567423
0.5753180567913865 1.4832004183995180
0.6131694715748518 1.4867390592880914
0.6512636119483610 1.4918325846724958
0.6897031333175766 1.4986401536831304
0.7286140658972007 1.5074008536861980
0.7681599191556442 1.5184743083678425
0.8085670380205947 1.5324183002022220
0.8501762493039131 1.5501523443927696
0.8935675979409355 1.5733623659171740
0.9399813755171689 1.6059072034107387
1.0000000000000000 1.6770833333333335
0.0000000000000000 1.7500000000000000
0.0697426416253485 1.6512676366649222
0.1162819157348681 1.6163379574415784
0.1590618801335821 1.5930534163218073
0.1998074985672753 1.5756573358483787
0.2392365137703769 1.5621101345080348
0.2777505527724694 1.5514041670362930
0.3156060617312444 1.5429572898288459
0.3529818415703578 1.5364041016127212
0.3900113514343692 1.5315056063453829
0.4268002482074130 1.5281043830400332
0.4634369947918222 1.5261005377353924
0.4999999969478885 1.5254385335752794
0.5365629991473911 1.5261005375178007
0.5731997458623830 1.5281043826098304
0.6099886428511087 1.5315056057125602
0.6470181530144806 1.5364041007925742
0.6843939332332410 1.5429572888422030
0.7222494426494858 1.5514041659104052
0.7607634821832820 1.5621101332776275
0.8001924979905707 1.5756573345583462
0.8409381171003687 1.5930534150318649
0.8837180822525396 1.6163379562383680
0.9302573572115024 1.6512676357051226
1.0000000000000000 1.7500000000000000
0.0000000000000000 1.7500000000000000
0.0814543716877304 1.6829206470152041
0.1284532084235355 1.6520474445449185
0.1702700164540787 1.6308743591614148
0.2097766673085687 1.6149328145519621
0.2479083288642605 1.6024698491648453
0.2851252400839829 1.5925929932396212
0.3217023814403963 1.5847824625921911
0.3578233400023277 1.5787115602884030
0.3936204813815006 1.5741667477094341
0.4291954779467905 1.5710075333185787
0.4646312834858786 1.5691448627645415
0.4999999969798303 1.5685292653380469
0.5353687105177410 1.5691448625577313
0.5708045161874533 1.5710075329099658
0.6063795129691786 1.5741667471091405
0.6421766546474158 1.5787115595117251
0.6782976135884421 1.5847824616600534
0.7148747553996297 1.5925929921790161
0.7520916671465457 1.6024698480102608
0.7902233292980857 1.6149328133475882
0.8297299808158810 1.6308743579667477
0.8715467895791646 1.6520474434482983
0.9185456271344544 1.6829206461821615
1.0000000000000000 1.7500000000000000
0.0326315480550129 1.7521387846565475
0.0985461083479091 1.7069690129399266
0.1433309616145548 1.6823305289412340
0.1833681917674162 1.6645691107866671
0.2211801335191583 1.6508733703661835
0.2576924451544362 1.6400127999688987
0.2933637004959699 1.6313221376122016
0.3284620492869799 1.6244008389048283
0.3631614214579696 1.6189924168688121
0.3975832876476155 1.6149274249170111
0.4318179172500256 1.6120936839957247
0.4659366712084990 1.6104198271713492
0.4999999970391406 1.6098661288988532
0.5340633229135962 1.6104198269821093
0.5681820770035897 1.6120936836224136
0.6024167068226804 1.6149274243699590
0.6368385733118717 1.6189924161637026
0.6715379458607262 1.6244008380628081
0.7066362951039573 1.6313221366605635
0.7423075509667283 1.6400127989419624
0.7788198631883839 1.6508733693077562
0.8166318055885826 1.6645691097547064
0.8566690364548543 1.6823305280198231
0.9014538905239435 1.7069690122737999
0.9673684519449872 1.7521387846565473
0.0647047612756303 1.7585185434277331
0.1189668822630214 1.7282762598439894
0.1603486971561861 1.7095884573469637
0.1979580758059718 1.6955150814354556
0.2336846968720478 1.6843669803073096
0.2683092111691961 1.6753585760164997
0.3022351305821227 1.6680486172601301
0.3356990103940555 1.6621646027319241
0.3688512791198920 1.6575291001404717
0.4017934626245873 1.6540236080886044
0.4345977638052944 1.6515691201544924
0.4673185723311221 1.6501151475817473
0.4999999971213431 1.6496335113609435
0.5326814219559932 1.6501151474150340
0.5654022306136807 1.6515691198263365
0.5982065320121653 1.6540236076095813
0.6311487158163779 1.6575290995264047
0.6643009849194246 1.6621646020040894
0.6977648651801794 1.6680486164453938
0.7316907851081941 1.6753585751481657
0.7663152999807797 1.6843669794264520
0.8020419216795506 1.6955150805944363
0.8396513010214844 1.7095884566169939
0.8810331166906141 1.7282762593372165
0.9352952387243698 1.7585185434277328
0.0956708580912725 1.7690301168721783
0.1409808484647577 1.7491417715761366
0.1785890021153866 1.7355686415028646
0.2134269040290512 1.7249389621410662
0.2468260016136332 1.7162856621872054
0.2793909398658625 1.7091444004966294
0.3114461098365496 1.7032520656051695
0.3431817164876759 1.6984458843689283
0.3747152950762814 1.6946199503673858
0.4061219254846588 1.6917036399071332
0.4374508369791817 1.6896499383549153
0.4687354414211773 1.6884288359583892
0.4999999972213714 1.6880235957170959
0.5312645530659488 1.6884288358169073
0.5625491576408876 1.6896499380772416
0.5938780693536942 1.6917036395037572
0.6252847000621740 1.6946199498539525
0.6568182790265856 1.6984458837660257
0.6885538861232211 1.7032520649383789
0.7206090566015632 1.7091443997965181
0.7531739954173551 1.7162856614900570
0.7865730936164240 1.7249389614904036
0.8214109961972297 1.7355686409540250
0.8590191505879373 1.7491417712096713
0.9043291419087276 1.7690301168721783
0.1250000000000000 1.7834936490538904
0.1633201974380267 1.7708097445063442
0.1971499974704167 1.7614116457482405
0.2291076729812264 1.7537601531816946
0.2600880607576012 1.7473474524727217
0.2905296661703450 1.7419293683910395
0.3206729639000498 1.7373720401568249
0.3506562339253698 1.7335963523402049
0.3805596451597056 1.7305532437170421
0.4104283688705535 1.7282114205729233
0.4402858933172863 1.7265508141796508
0.4701423244111244 1.7255589732883063
0.4999999973326805 1.7252290832548021
0.5298576702992299 1.7255589731725782
0.5597141015264053 1.7265508139532970
0.5895716261924664 1.7282114202460492
0.6194403502032090 1.7305532433044573
0.6493437618121402 1.7335963518611468
0.6793270322785524 1.7373720396344503
0.7094703305079771 1.7419293678521239
0.7399119364705934 1.7473474519473309
0.7708923248412558 1.7537601527037041
0.8028500009899858 1.7614116453573883
0.8366798017192647 1.7708097442561987
0.8750000000000001 1.7834936490538902
0.1521903572521802 1.8016616649271913
0.1849559795671056 1.7939648960195778
0.2152178365756287 1.7878267002973143
0.2443621452742854 1.7826086623061361
0.2729638736060713 1.7780849960267264
0.3013201232480156 1.7741558145502503
0.3295928415240149 1.7707751422385232
0.3578689857119782 1.7679224583761743
0.3861907981197306 1.7655895876001251
0.4145727764867415 1.7637741913650902
0.4430119347615426 1.7624764253368777
0.4714944081461935 1.7616972124507033
0.4999999974491497 1.7614373709881608
0.5285055867970274 1.7616972123594126
0.5569880603159053 1.7624764251590483
0.5854272188102433 1.7637741911100271
0.6138091974771660 1.7655895872813521
0.6421310102572938 1.7679224580108419
0.6704071548817614 1.7707751418467781
0.6986798736482694 1.7741558141543625
0.7270361238255513 1.7780849956504046
0.7556378527293440 1.7826086619740089
0.7847821620338545 1.7878267000356334
0.8150440196908160 1.7939648958601200
0.8478096427478199 1.8016616649271913
0.1767766952966369 1.8232233047033630
0.2050594498344553 1.8189213207572257
0.2320951198310454 1.8152100402995623
0.2586226811695019 1.8118769765001979
0.2849929744648450 1.8088594867902978
0.3113899341119438 1.8061460407613636
0.3379071619452119 1.8037457682015816
0.3645846045381593 1.8016754049389103
0.3914287586086640 1.7999530938909356
0.4184247842174159 1.7985953659529683
0.4455441899760206 1.7976157116135350
0.4727499356503859 1.7970239598948516
0.4999999975642613 1.7968260484583398
0.5272500595235313 1.7970239598254159
0.5544558053322138 1.7976157114788904
0.5815752113108223 1.7985953657613589
0.6085712372185396 1.7999530936541532
0.6354153916592060 1.8016754046716763
0.6620928346830836 1.8037457679206343
0.6886100629974710 1.8061460404844989
0.7150070231644207 1.8088594865352388
0.7413773170089111 1.8118769762837166
0.7679048789196515 1.8152100401370908
0.7949405495146153 1.8189213206642547
0.8232233047033631 1.8232233047033630
0.1983383350728088 1.8478096427478199
0.2229845434262434 1.8457336363572088
0.2472121316044648 1.8437278372471331
0.2714120611686253 1.8417719304948479
0.2957814794873767 1.8398889765800204
0.3204171383100085 1.8381154742933505
0.3453560103173763 1.8364905418759552
0.3705972996287902 1.8350510090442320
0.3961156972023732 1.8338290950701310
0.4218698700956638 1.8328513828030519
0.4478081042766707 1.8321384672481662
0.4738721598657928 1.8317049341730438
0.4999999976727223 1.8315594633780745
0.5261278355248542 1.8317049341221929
0.5521918912487289 1.8321384671500631
0.5781301256493108 1.8328513826646564
0.6038842988407283 1.8338290949013099
0.6294026967813861 1.8350510088570420
0.6546439865182770 1.8364905416837720
0.6795828589968962 1.8381154741097561
0.7042185183243387 1.8398889764176620
0.7285879371695891 1.8417719303642641
0.7527878672734557 1.8437278371559001
0.7770154560018900 1.8457336363097951
0.8016616649271913 1.8478096427478197
0.2165063509461096 1.8750000000000000
0.2382392688202559 1.8742793859414864
0.2601216796496921 1.8733806679908218
0.2823474890116832 1.8723605926770985
0.3050089167720614 1.8712787603640033
0.3281372881792116 1.8701913521008269
0.3517245104309670 1.8691487878089590
0.3757361657897037 1.8681947276063720
0.4001201206757443 1.8673657164027972
0.4248124113562086 1.8666911809675639
0.4497413368175404 1.8661936136575672
0.4748303287821184 1.8658888273952463
0.4999999977694869 1.8657861969818537
0.5251696668023460 1.8658888273595617
0.5502586589013396 1.8661936135890969
0.5751875845820268 1.8666911808718925
0.5998798755589594 1.8673657162877426
0.6242638308092131 1.8681947274813551
0.6482754865875893 1.8691487876841419
0.6718627093014865 1.8701913519861282
0.6949910811991120 1.8712787602679664
0.7176525094653209 1.8723605926057674
0.7398783193371810 1.8733806679466720
0.7617607306738674 1.8742793859226234
0.7834936490538904 1.8750000000000000
0.2309698831278217 1.9043291419087276
0.2504551653682039 1.9043187484371220
0.2704845711887148 1.9040533215263908
0.2911345614939514 1.9036081701528587
0.3124261975362858 1.9030487028769085
0.3343432356647464 1.9024313806833926
0.3568433738822663 1.9018044772626119
0.3798659791656308 1.9012086382924278
0.4033376586820189 1.9006773353370150
0.4271763358547979 1.9002372717509066
0.4512942162943506 1.8999087556499059
0.4755999183249535 1.8997060278897311
0.4999999978510123 1.8996375213718519
0.5244000774222403 1.8997060278660627
0.5487057795872572 1.8999087556047431
0.5728236602451914 1.9002372716884099
0.5966623377130507 1.9006773352629718
0.6201340175903504 1.9012086382137019
0.6431566232882572 1.9018044771864573
0.6656567619594236 1.9024313806166087
0.6875738005660564 1.9030487028249250
0.7088654370962576 1.9036081701187504
0.7295154278862207 1.9040533215099043
0.7495448341782343 1.9043187484337276
0.7690301168721784 1.9043291419087274
0.2414814565722671 1.9352952387243698
0.2593635966473921 1.9355349623446119
0.2780535499836747 1.9355513287646284
0.2975571970794699 1.9354074433457373
0.3178492546140237 1.9351557204711543
0.3388810323630143 1.9348401394945183
0.3605862104566465 1.9344976158787099
0.3828854150386761 1.9341588701583201
0.4056898854656083 1.9338490211450043
0.4289043620253739 1.9335880271968382
0.4524292866524988 1.9333910347070269
0.4761624197435341 1.9332686546691065
0.4999999979141693 1.9332271682457836
0.5238375761301152 1.9332686546548732
0.5475707093549058 1.9333910346800007
0.5710956341997616 1.9335880271597699
0.5943101110527054 1.9338490211016899
0.6171145818378697 1.9341588701132204
0.6394137868296607 1.9344976158364502
0.6611189653701516 1.9348401394593031
0.6821507435871633 1.9351557204461070
0.7024428015956014 1.9354074433321995
0.7219464491565754 1.9355513287614270
0.7406364029373761 1.9355349623472988
0.7585185434277329 1.9352952387243698
0.2478612153434526 1.9673684519449870
0.2647805149575125 1.9675612387157477
0.2826602375314205 1.9676271492995194
0.3014679446626308 1.9676011514550893
0.3211520319400292 1.9675118989650178
0.3416448704000191 1.9673831891639164
0.3628658764678601 1.9672348504712138
0.3847244247487774 1.9670833021831184
0.4071224657323642 1.9669419280997305
0.4299567379124587 1.9668213437078021
0.4531205239033644 1.9667295980221815
0.4765049644435128 1.9666723278808167
0.4999999979572778 1.9666528696894321
0.5234950315159450 1.9666723278741940
0.5468794721895831 1.9667295980096495
0.5700432583970138 1.9668213436907236
0.5928775308688945 1.9669419280799771
0.6152755722080286 1.9670833021628742
0.6371341208952207 1.9672348504527197
0.6583551274045806 1.9673831891491635
0.6788479663255521 1.9675118989554119
0.6985320540670558 1.9676011514510809
0.7173397616505015 1.9676271493002242
0.7352194846513505 1.9675612387185328
0.7521387846565474 1.9673684519449870
0.2500000000000000 2.0000000000000000
0.2665980248956454 1.9999999987568002
0.2842065510313205 1.9999999975374196
0.3027809336965480 1.9999999963508936
0.3222610138140828 1.9999999952113201
0.3425729290228106 1.9999999941366415
0.3636313631333358 1.9999999931470398
0.3853419385702703 1.9999999922637797
0.4076034983922631 1.9999999915075044
0.4303100989778960 1.9999999908972783
0.4533526201852782 1.9999999904490422
0.4766199792581296 1.9999999901750789
0.4999999979790246 1.9999999900828658
0.5233800167448792 1.9999999901751000
0.5466473759504000 1.9999999904490819
0.5696898973735451 1.9999999908973347
0.5923964982492996 1.9999999915075728
0.6146580584250718 1.9999999922638547
0.6363686342655609 1.9999999931471164
0.6574270688145265 1.9999999941367139
0.6777389844801059 1.9999999952113843
0.6972190650568771 1.9999999963509443
0.7157934481681404 1.9999999975374547
0.7334019747231009 1.9999999987568176
0.7500000000000000 2.0000000000000000
0.2478612153434526 2.0326315480550128
0.2647805152380459 2.0324387588102706
0.2826602380055112 2.0323728457919827
0.3014679452594430 2.0323988412619602
0.3211520326009713 2.0324880914679948
0.3416448710764111 2.0326167991127000
0.3628658771194180 2.0327651358184582
0.3847244253425877 2.0329166823321816
0.4071224662420827 2.0330580548960633
0.4299567383177007 2.0331786380615542
0.4531205241891876 2.0332703828464185
0.4765049646000423 2.0333276524370176
0.4999999979794343 2.0333471104431537
0.5234950314033222 2.0333276524436124
0.5468794719464569 2.0332703828588965
0.5700432580324895 2.0331786380785632
0.5928775303971939 2.0330580549157391
0.6152755716488869 2.0329166823523539
0.6371341202744112 2.0327651358368994
0.6583551267545371 2.0326167991274309
0.6788479656861689 2.0324880914776191
0.6985320534867104 2.0323988412660268
0.7173397611875573 2.0323728457913628
0.7352194843764677 2.0324387588075634
0.7521387846565474 2.0326315480550128
0.2414814565722671 2.0647047612756300
0.2593635972054467 2.0644650352191634
0.2780535509256271 2.0644486663771451
0.2975571982643361 2.0645925494172657
0.3178492559255428 2.0648442699927050
0.3388810337047124 2.0651598487919531
0.3605862117487884 2.0655023703972630
0.3828854162161263 2.0658411143201407
0.4056898864762844 2.0661509617928124
0.4289043628289625 2.0664119544971458
0.4524292872194771 2.0666089460730173
0.4761624200543759 2.0667313255522051
0.4999999979588395 2.0667728117873536
0.5238375759078028 2.0667313255661823
0.5475707088740501 2.0666089460995560
0.5710956334783507 2.0664119545335424
0.5943101101188304 2.0661509618353384
0.6171145807305402 2.0658411143644129
0.6394137855998187 2.0655023704387450
0.6611189640819594 2.0651598488265219
0.6821507423195596 2.0648442700173053
0.7024428004444183 2.0645925494305932
0.7219464482375556 2.0644486663803523
0.7406364023910427 2.0644650352165974
0.7585185434277328 2.0647047612756300
0.2309698831278217 2.0956708580912724
0.2504551661968156 2.0956812491907599
0.2704845725844487 2.0959466736998067
0.2911345632474590 2.0963918226863578
0.3124261994756864 2.0969512876374092
0.3343432376477566 2.0975686076180473
0.3568433757913901 2.0981955089893143
0.3798659809050058 2.0987913461235088
0.4033376601749948 2.0993226475037994
0.4271763370421065 2.0997627098173304
0.4512942171325641 2.1000912249831827
0.4755999187853738 2.1002939521713317
0.4999999979188687 2.1003624584965728
0.5244000770963290 2.1002939521943107
0.5487057788799629 2.1000912250270232
0.5728236591829272 2.0997627098779845
0.5966623363370968 2.0993226475756388
0.6201340159580288 2.0987913461998615
0.6431566214744906 2.0981955090631375
0.6656567600585976 2.0975686076827507
0.6875737986944208 2.0969512876877432
0.7088654353950548 2.0963918227193683
0.7295154265264058 2.0959466737157686
0.7495448333682063 2.0956812491940702
0.7690301168721783 2.0956708580912724
0.2165063509461097 2.1250000000000000
0.2382392699069426 2.1257206117775049
0.2601216814744535 2.1266193273530125
0.2823474913003247 2.1276394002663119
0.3050089193008392 2.1287212302170304
0.3281372907632885 2.1298086362174202
0.3517245129179251 2.1308511984054253
0.3757361680552078 2.1318052567194159
0.4001201226204723 2.1326342663007201
0.4248124129033275 2.1333088004247669
0.4497413379107977 2.1338063667708056
0.4748303293842992 2.1341111524435248
0.4999999978614450 2.1342137826579646
0.5251696663824845 2.1341111524778045
0.5502586579856648 2.1338063668365699
0.5751875832047154 2.1333088005166312
0.5998798737734267 2.1326342664111491
0.6242638286896862 2.1318052568393373
0.6482754842310806 2.1308511985250678
0.6718627068303105 2.1298086363272613
0.6949910787639539 2.1287212303088947
0.7176525072494845 2.1276394003344454
0.7398783175629390 2.1266193273951073
0.7617607296137051 2.1257206117954479
0.7834936490538902 2.1250000000000000
0.1983383350728088 2.1521903572521799
0.2229845447513266 2.1542663614788005
0.2472121338193406 2.1562721582432194
0.2714120639406353 2.1582280625739494
0.2957814825468675 2.1601110140764690
0.3204171414346543 2.1618845140361129
0.3453560133238312 2.1635094442815586
0.3705973023675506 2.1649489751594650
0.3961156995539228 2.1661708874539429
0.4218698719675845 2.1671485983628873
0.4478081056012193 2.1678615129194290
0.4738721605981692 2.1682950453836098
0.4999999977898201 2.1684405159722666
0.5261278350247073 2.1682950454319787
0.5521918901505397 2.1678615130127237
0.5781301239941308 2.1671485984944563
0.6038842966927549 2.1661708876143568
0.6294026942297932 2.1649489753372149
0.6546439836796526 2.1635094444638892
0.6795828560181689 2.1618845142101017
0.7042185153865658 2.1601110142301114
0.7285879344929993 2.1582280626972969
0.7527878651255269 2.1562721583291937
0.7770154547125324 2.1542663615233404
0.8016616649271913 2.1521903572521803
0.1767766952966369 2.1767766952966370
0.2050594513695115 2.1810786772176791
0.2320951223795493 2.1847899553558672
0.2586226843507437 2.1881230167015815
0.2849929779722460 2.1911405039358689
0.3113899376926362 2.1938539475607923
0.3379071653904668 2.1962542178692037
0.3645846076774635 2.1983245791039825
0.3914287613056191 2.2000468884079072
0.4184247863663570 2.2014046149360573
0.4455441914994711 2.2023842682392072
0.4727499364969970 2.2029760193238905
0.4999999977075317 2.2031739305457037
0.5272500589611165 2.2029760193893253
0.5544558040860021 2.2023842683660684
0.5815752094276802 2.2014046151165272
0.6085712347717275 2.2000468886308102
0.6354153887504707 2.1983245793553770
0.6620928314452875 2.1962542181332583
0.6886100595979409 2.1938539478207022
0.7150070198090168 2.1911405041749479
0.7413773139477510 2.1881230169041088
0.7679048764563347 2.1847899555074890
0.7949405480258107 2.1810786773041588
0.8232233047033630 2.1767766952966370
0.1521903572521802 2.1983383350728087
0.1849559812735066 2.2060351021076827
0.2152178393807475 2.2121732955232822
0.2443621487654350 2.2173913310130473
0.2729638774518866 2.2219149947401959
0.3013201271742575 2.2258441737255903
0.3295928453033271 2.2292248437001936
0.3578689891581063 2.2320775254567931
0.3861908010831840 2.2344103944230072
0.4145727788515185 2.2362257891959927
0.4430119364423338 2.2375235541504219
0.4714944090864003 2.2383027663795203
0.4999999976194390 2.2385626076191758
0.5285055861947089 2.2383027664648059
0.5569880589649573 2.2375235543165188
0.5854272167621036 2.2362257894341533
0.6138091948122174 2.2344103947205096
0.6421310070869762 2.2320775257975249
0.6704071513513667 2.2292248440652433
0.6986798699402572 2.2258441740940893
0.7270361201637656 2.2219149950899832
0.7556378493846070 2.2173913313211933
0.7847821593336847 2.2121732957654996
0.8150440180424517 2.2060351022548264
0.8478096427478198 2.1983383350728087
0.1250000000000001 2.2165063509461098
0.1633201992648727 2.2291902537723689
0.1971500004328229 2.2385883502086097
0.2291076766571285 2.2462398402050865
0.2600880648061771 2.2526525382727995
0.2905296703066467 2.2580706197717233
0.3206729678860851 2.2626279455836795
0.3506562375649088 2.2664036312210003
0.3805596482945999 2.2694467379739716
0.4104283713775053 2.2717885596097078
0.4402858951053900 2.2734491648961206
0.4701423254198184 2.2744410051105257
0.4999999975305002 2.2747708949135683
0.5298576696831162 2.2744410052177599
0.5597141001217969 2.2734491651058262
0.5895716240540353 2.2717885599124541
0.6194403474162755 2.2694467383559460
0.6493437584947370 2.2664036316642653
0.6793270285839911 2.2626279460666683
0.7094703266280188 2.2580706202695331
0.7399119326390868 2.2526525387575247
0.7708923213390374 2.2462398406453925
0.8028499981532269 2.2385883505679209
0.8366797999632158 2.2291902540017197
0.8749999999999999 2.2165063509461094
0.0956708580912724 2.2309698831278215
0.1409808503456349 2.2508582268302804
0.1785890051131735 2.2644313545198216
0.2134269077416520 2.2750610312171951
0.2468260057077370 2.2837143284327532
0.2793909440572865 2.2908555874527208
0.3114461138847522 2.2967479198479217
0.3431817201926324 2.3015540988451781
0.3747152982755595 2.3053800309306292
0.4061219280509961 2.3082963398484693
0.4374508388182166 2.3103500402705892
0.4687354424698501 2.3115711419759850
0.4999999974467045 2.3119763819813817
0.5312645524645544 2.3115711421060783
0.5625491562389862 2.3103500405258779
0.5938780672077993 2.3082963402192482
0.6252846972603359 2.3053800314024229
0.6568182756901464 2.3015540993989538
0.6885538824090637 2.2967479204600401
0.7206090527045974 2.2908555880949710
0.7531739915732940 2.2837143290717035
0.7865730901047044 2.2750610318128466
0.8214109933457989 2.2644313550215012
0.8590191487909807 2.2508582271645934
0.9043291419087274 2.2309698831278215
0.0647047612756302 2.2414814565722669
0.1189668841104451 2.2717237386309117
0.1603487000467846 2.2904115386139594
0.1979580793916641 2.3044849117410684
0.2336847008430381 2.3156330100359757
0.2683092152519582 2.3246414115859091
0.3022351345410246 2.3319513677959023
0.3356990140307698 2.3378353800507878
0.3688512822720600 2.3424708807030874
0.4017934651639954 2.3459763711978239
0.4345977656363941 2.3484308579924416
0.4673185733896532 2.3498848298686918
0.4999999973735416 2.3503664658506964
0.5326814213981075 2.3498848300208732
0.5654022292720751 2.3484308582919700
0.5982065299438232 2.3459763716350004
0.6311487131098846 2.3424708812634067
0.6643009816963396 2.3378353807147465
0.6977648615966502 2.3319513685388920
0.7316907813567090 2.3246414123774430
0.7663152962915002 2.3156330108385021
0.8020419183206134 2.3044849125067879
0.8396512982967903 2.2904115392780087
0.8810331149396045 2.2717237390914291
0.9352952387243698 2.2414814565722669
0.0326315480550130 2.2478612153434527
0.0985461100403408 2.2930309854843052
0.1433309642399970 2.3176694667525357
0.1833681950617476 2.3354308819924903
0.2211801372037243 2.3491266195088025
0.2576924489722605 2.3599871871309310
0.2933637042216291 2.3686778469292520
0.3284620527286545 2.3755991433637460
0.3631614244570441 2.3810075634675085
0.3975832900779221 2.3850725538707556
0.4318179190168016 2.3879062936603215
0.4659366722476970 2.3895801497927414
0.4999999973167979 2.3901338478271938
0.5340633224256498 2.3895801499642944
0.5681820757758791 2.3879062939987326
0.6024167049113452 2.3850725543666442
0.6368385708039780 2.3810075641066328
0.6715379428751355 2.3755991441269111
0.7066362917923293 2.3686778477916879
0.7423075475143770 2.3599871880615062
0.7788198598145485 2.3491266204677999
0.8166318025442720 2.3354308829273984
0.8566690340123964 2.3176694675872200
0.9014538889386529 2.2930309860877784
0.9673684519449869 2.2478612153434527
0.0000000000000000 2.2500000000000000
0.0814543730287930 2.3170793511132355
0.1284532106347355 2.3479525505793091
0.1702700193204889 2.3691256329607646
0.2097766705732253 2.3850671746525229
0.2479083322884510 2.3975301372843352
0.2851252434568716 2.4074069906857267
0.3217023845807308 2.4152175190998015
0.3578233427588495 2.4212884195092630
0.3936204836327112 2.4258332305724211
0.4291954796008106 2.4289924438559645
0.4646312844800967 2.4308551137329508
0.4999999972808062 2.4314707109253204
0.5353687101210566 2.4308551139191907
0.5708045151178256 2.4289924442239461
0.6063795112805958 2.4258332311130446
0.6421766524234419 2.4212884202087843
0.6782976109425388 2.4152175199394166
0.7148747524754528 2.4074069916411838
0.7520916641181000 2.3975301383246479
0.7902233263693631 2.3850671757379924
0.8297299782189452 2.3691256340379234
0.8715467875642566 2.3479525515687278
0.9185456259083007 2.3170793518658472
0.9999999999999999 2.2500000000000000
0.0000000000000000 2.2500000000000000
0.0697426425559828 2.3487323606534782
0.1162819174824592 2.3836620367779502
0.1590618825041817 2.4069465749248504
0.1998075013324927 2.4243426525406617
0.2392365167177727 2.4378898511978937
0.2777505557116470 2.4485958162210064
0.3156060644961356 2.4570426912664916
0.3529818440204335 2.4635958776516720
0.3900113534555926 2.4684943714548560
0.4268002497126653 2.4718955936910918
0.4634369957213246 2.4738994383414470
0.4999999972693079 2.4745614422745201
0.5365629988560289 2.4738994385361455
0.5731997449811618 2.4718955940760581
0.6099886414306129 2.4684943720212025
0.6470181511328206 2.4635958783857914
0.6843939309958260 2.4570426921498578
0.7222494401885393 2.4485958172293696
0.7607634796570130 2.4378898523003492
0.8001924955818250 2.4243426536972215
0.8409381150142752 2.4069465760822806
0.8837180807099364 2.3836620378588869
0.9302573563974740 2.3487323615176856
1.0000000000000000 2.2500000000000000
0.0000000000000000 2.3229166666666665
0.0600186239391968 2.3940927919875099
0.1064324013807729 2.4266376261580489
0.1498237498126810 2.4498476446634188
0.1914329607855267 2.4675816860655280
0.2318400792366330 2.4815256753623527
0.2713859319906450 2.4925991277903101
0.3102968639950930 2.5013598258578584
0.3487363847408654 2.5081673932815236
0.3868305244682927 2.5132609174535574
0.4246819386085440 2.5167995575236985
0.4623786395295620 2.5188850161554042
0.4999999972838322 2.5195740786300611
0.5376213550767468 2.5188850163514522
0.5753180561126967 2.5167995579113480
0.6131694704438125 2.5132609180237764
0.6512636104358198 2.5081673940205693
0.6897031315184550 2.5013598267467261
0.7286140639292245 2.4925991288041724
0.7681599171573752 2.4815256764689981
0.8085670361484925 2.4675816872230572
0.8501762477278340 2.4498476458147884
0.8935675968366895 2.4266376272194607
0.9399813750414711 2.3940927928139915
1.0000000000000000 2.3229166666666665
0.0000000000000000 2.3958333333333335
0.0530782185740935 2.4464962764482587
0.0989911951570084 2.4758517816663441
0.1425749336251377 2.4977859695299403
0.1846891182364543 2.5149482801232113
0.2257704370546334 2.5286390950123314
0.2660885086832800 2.5396142234285812
0.3058301522531999 2.5483525121948154
0.3451355928540463 2.5551724631490491
0.3841166884588147 2.5602906516851367
0.4228673007275475 2.5638535996692213
0.4614698631790902 2.5659559873995241
0.4999999973249179 2.5666510537158485
0.5385301315086317 2.5659559875898665
0.5771326940741799 2.5638536000452903
0.6158833065315178 2.5602906522376316
0.6548644023987158 2.5551724638636295
0.6941698433334392 2.5483525130517712
0.7339114873072392 2.5396142244018249
0.7742295594073542 2.5286390960681748
0.8153108787636828 2.5149482812175381
0.8574250639795363 2.4977859706034691
0.9010088031224589 2.4758517826336330
0.9469217804634912 2.4464962771692114
1.0000000000000000 2.3958333333333335
0.0000000000000000 2.4687500000000000
0.0486124621061731 2.5053006432771330
0.0937029183226223 2.5306213522516519
0.1371516115916687 2.5504046146289019
0.1794775754998819 2.5663000524713642
0.2209729779193319 2.5792061147708445
0.2618317475151056 2.5896804718701349
0.3021963667563310 2.5980938856383928
0.3421791672620401 2.6047021160875015
0.3818735357036105 2.6096839287027591
0.4213605381727137 2.6131627568641793
0.4607132670568771 2.6152195207165785
0.4999999973908973 2.6159001439979646
0.5392867277626147 2.6152195208950095
0.5786394567589640 2.6131627572162692
0.6181264594145552 2.6096839292187948
0.6578208281150306 2.6047021167526423
0.6978036289509730 2.5980938864320526
0.7381682485913442 2.5896804727653309
0.7790270186537989 2.5792061157326298
0.8205224216055809 2.5663000534546856
0.8628483861118312 2.5504046155740370
0.9062970800467584 2.5306213530755786
0.9513875370070664 2.5053006438511285
1.0000000000000000 2.4687500000000000
0.0000000000000000 2.5416666666666665
0.0459104433770112 2.5687658957068265
0.0901140224884779 2.5898581713109872
0.1332542553105939 2.6070618157077217
0.1755958986883285 2.6212696237697388
0.2173100099282773 2.6330280252295597
0.2585223569735232 2.6427039094402818
0.2993330348694754 2.6505556609711980
0.3398261328603062 2.6567694258005337
0.3800751793931693 2.6614796540826786
0.4201465673892883 2.6647814743844949
0.4601019367767326 2.6667383421356252
0.4999999974794899 2.6673866730794904
0.5398980582189666 2.6667383422974464
0.5798534277169112 2.6647814747032301
0.6199248158959335 2.6614796545484425
0.6601738626834275 2.6567694263981263
0.7006669609984196 2.6505556616797965
0.7414776392866504 2.6427039102325871
0.7826899867898043 2.6330280260708587
0.8244040985518646 2.6212696246158638
0.8667457425144073 2.6070618165020831
0.9098859759848353 2.5898581719783533
0.9540895558127018 2.5687658961400537
1.0000000000000000 2.5416666666666665
0.0000000000000000 2.6145833333333335
0.0442932996192585 2.6351937171016937
0.0877405521911354 2.6524279913960433
0.1305353046906312 2.6670165809522497
0.1727913960234568 2.6793766333226889
0.2145967860491492 2.6897984140458981
0.2560254364078514 2.6984952376245284
0.2971425304819025 2.7056277582356234
0.3380072584415058 2.7113177483508868
0.3786745343143773 2.7156566158798525
0.4191961922532223 2.7187109163278587
0.4596219117697708 2.7205259599541431
0.4999999975869155 2.7211280923715564
0.5403780834401871 2.7205259600964173
0.5808038030642699 2.7187109166075496
0.6213254611818307 2.7156566162871205
0.6619927373027571 2.7113177488708007
0.7028574655785410 2.7056277588477404
0.7439745600343113 2.6984952383025518
0.7854032108383544 2.6897984147567873
0.8272086013701694 2.6793766340257075
0.8694646932679312 2.6670165815970006
0.9122594463892115 2.6524279919195926
0.9557066996397523 2.6351937174225433
1.0000000000000000 2.6145833333333335
0.0000000000000000 2.6875000000000000
0.0433112925133050 2.7034597448437707
0.0861891485213626 2.7174183066225610
0.1286767928428361 2.7295884385048428
0.1708133061127620 2.7401286315568227
0.2126380463042145 2.7491672195231991
0.2541907137150480 2.7568095159942603
0.2955110615390772 2.7631416788422403
0.3366386449116157 2.7682332422799840
0.3776126757000553 2.7721389371730076
0.4184719772130472 2.7749000408063296
0.4592550173568122 2.7765453638307709
0.4999999977095612 2.7770919281106616
0.5407449780970044 2.7765453639523425
0.5815280183451156 2.7749000410448010
0.6223873200307309 2.7721389375190246
0.6633613510592121 2.7682332427193503
0.7044889347368311 2.7631416793558548
0.7458092829290809 2.7568095165577780
0.7873619507680890 2.7491672201068518
0.8291866914449085 2.7401286321248421
0.8713232052536878 2.7295884390150080
0.9138108501641768 2.7174183070251869
0.9566887068076696 2.7034597450804143
1.0000000000000000 2.6875000000000000
0.0000000000000000 2.7604166666666670
0.0427044201908332 2.7729166073715916
0.0851800635262248 2.7841779204552881
0.1274242808840872 2.7942216347703939
0.1694441699584530 2.8030787950506686
0.2112540177005006 2.8107853772980138
0.2528731987517764 2.8173782125670526
0.2943246341502565 2.8228922545604704
0.3356336809725103 2.8273588131470913
0.3768273406979747 2.8308044445602034
0.4179336985835575 2.8332502750295254
0.4589815266529900 2.8347116036442301
0.4999999978431783 2.8351976816825730
0.5410184690669089 2.8347116037454203
0.5820662972361571 2.8332502752276221
0.6231726552874379 2.8308044448466005
0.6643663152425158 2.8273588135089196
0.7056753623567041 2.8228922549805096
0.7471267981063980 2.8173782130238436
0.7887459795653945 2.8107853777657810
0.8305558277676359 2.8030787954995207
0.8725757173507200 2.7942216351663767
0.9148199352608013 2.7841779207608117
0.9572955791866600 2.7729166075458851
1.0000000000000000 2.7604166666666670
0.0000000000000000 2.8333333333333335
0.0423245113181731 2.8431913267950431
0.0845253392504499 2.8522574005675811
0.1265888467922114 2.8604841609014726
0.1685106094250624 2.8678451621875856
0.2102934173356735 2.8743282743252174
0.2519456206005073 2.8799306900698776
0.2934797961643075 2.8846552397828247
0.3349116888370608 2.8885077064757927
0.3762593758184420 2.8914948974799595
0.4175426069958473 2.8936232854929473
0.4587822780076622 2.8948980796589709
0.4999999979843159 2.8953226272444512
0.5412177179926027 2.8948980797412283
0.5824573890994784 2.8936232856536490
0.6237406204339583 2.8914948977115409
0.6650883076333067 2.8885077067669580
0.7065202005822938 2.8846552401187293
0.7480543764781723 2.8799306904322255
0.7897065801271248 2.8743282746926151
0.8314893884701294 2.8678451625358354
0.8734111515786451 2.8604841612042216
0.9154746596341105 2.8522574007970309
0.9576754881117658 2.8431913269231481
1.0000000000000000 2.8333333333333335
0.0000000000000000 2.9062500000000000
0.0420847534324562 2.9140560737420191
0.0841013316215805 2.9213432301391720
0.1260360675215572 2.9280438707581866
0.1678817326753797 2.9341091233900305
0.2096366038154727 2.9395046148836990
0.2513035390051245 2.9442069054378552
0.2928891227207779 2.9482005769679596
0.3344029045359235 2.9514759175484140
0.3758567353263026 2.9540271256072397
0.4172641929854259 2.9558509567958509
0.4586400832526125 2.9569457451985786
0.4999999981294569 2.9573107439071462
0.5413599130363038 2.9569457452640151
0.5827358033927296 2.9558509569234763
0.6241432611997818 2.9540271257905917
0.6655970921947264 2.9514759177779757
0.7071108742691834 2.9482005772312960
0.7486964582955848 2.9442069057199536
0.7903633938441511 2.9395046151672726
0.8321182653867643 2.9341091236561079
0.8739639309820016 2.9280438709867203
0.9158986673564314 2.9213432303099802
0.9579152460467873 2.9140560738358534
1.0000000000000000 2.9062500000000000
0.0000000000000000 2.9791666666666670
0.0419327283371121 2.9853618603515111
0.0838272562258485 2.9912102912743572
0.1256727121653217 2.9966433184097823
0.1674623243266258 3.0016065682078712
0.2091931103734630 3.0060577153429602
0.2508654547781242 3.0099643633456372
0.2924826380539509 3.0133021387155043
0.3340503584023956 3.0160530519301050
0.3755762686717696 3.0182041415530176
0.4170695391462595 3.0197463967837064
0.4585404483073213 3.0206739440975725
0.4999999982761195 3.0209834812539045
0.5414595482726973 3.0206739441486286
0.5829304575171732 3.0197463968831184
0.6244237281293188 3.0182041416954726
0.6659496385893213 3.0160530521077860
0.7075173591786866 3.0133021389183572
0.7491345427430894 3.0099643635616244
0.7908068874800434 3.0060577155585326
0.8325376738988634 3.0016065684084272
0.8743272864666641 2.9966433185803822
0.9161727428417166 2.9912102914004581
0.9580672711887285 2.9853618604199452
1.0000000000000000 2.9791666666666670
0.0000000000000000 3.0520833333333335
0.0418360819343847 3.0570052919979434
0.0836504452928622 3.0616916388366850
0.1254351928586991 3.0660799991109151
0.1671849430156259 3.0701182915089720
0.2088967991764983 3.0737637312582526
0.2505701977021260 3.0769817236761776
0.2922066774536877 3.0797447606818253
0.3338096033241430 3.0820313949445399
0.3753838663636699 3.0838253377897149
0.4169355750642035 3.0851147068832372
0.4584717461248305 3.0858914365915817
0.4999999984219560 3.0861508561259079
0.5415282507449493 3.0858914366307082
0.5830644218824811 3.0851147069593261
0.6246161307103393 3.0838253378984919
0.6661903939256234 3.0820313950797953
0.7077933200183190 3.0797447608355957
0.7494298000353690 3.0769817238390917
0.7911031988664499 3.0737637314198700
0.8328150553683086 3.0701182916583032
0.8745648058971635 3.0660799992369396
0.9163495538603208 3.0616916389290334
0.9581639176356861 3.0570052920475819
1.0000000000000000 3.0520833333333335
0.0000000000000000 3.1250000000000000
0.0417745602388335 3.1289112144851412
0.0835366071665794 3.1326599364580514
0.1252806638278247 3.1361923438325641
0.1670027738622007 3.1394618891822299
0.2087005707578202 3.1424289716307494
0.2503732513539565 3.1450604524032011
0.2920214772137370 3.1473290953475477
0.3336472243415558 3.1492129952217249
0.3752535977295696 3.1506950398682050
0.4168446232117812 3.1517624386281371
0.4584250255254772 3.1524063386703247
0.4999999985655808 3.1526215430474074
0.5415749716292163 3.1524063386998176
0.5831553740135287 3.1517624386854197
0.6247463996121599 3.1506950399499467
0.6663527731611381 3.1492129953230834
0.7079785204919631 3.1473290954623945
0.7496267465942599 3.1450604525243584
0.7912994274687596 3.1424289717503600
0.8329972246748221 3.1394618892921176
0.8747193350469926 3.1361923439247232
0.9164633920684695 3.1326599365251115
0.9582254393732398 3.1289112145209215
1.0000000000000000 3.1250000000000000
0.0000000000000000 3.1979166666666670
0.0417353752617314 3.2010231224084023
0.0834634516267959 3.2040159604430039
0.1251805319261581 3.2068500559717075
0.1668838337887504 3.2094853923704183
0.2085715791395205 3.2118870734041991
0.2502430167038583 3.2140251919831750
0.2918983888132720 3.2158746075920805
0.3335388539041725 3.2174146770369965
0.3751663751425477 3.2186289748330905
0.4167835841219710 3.2195050315054035
0.4583936269706735 3.2200341108850572
0.4999999987057250 3.2202110413561629
0.5416063704622978 3.2200341109069321
0.5832164133749594 3.2195050315478544
0.6248336224601794 3.2186289748935661
0.6664611438444069 3.2174146771118237
0.7081016091194102 3.2158746076766196
0.7497569814482773 3.2140251920720577
0.7914284192644464 3.2118870734915896
0.8331161648954982 3.2094853924503424
0.8748194670627676 3.2068500560383932
0.9165365476863899 3.2040159604912657
0.9582646243903086 3.2010231224339982
1.0000000000000000 3.1979166666666670
0.0000000000000000 3.2708333333333335
0.0417104130535700 3.2732975165378004
0.0834165201459420 3.2756812357691669
0.1251158679010259 3.2779473402629904
0.1668065535670480 3.2800622676480775
0.2084873048787007 3.2819962131761131
0.2501575156434683 3.2837231842125192
0.2918172417181482 3.2852209713697023
0.3334671631320441 3.2864710654463769
0.3751085184122225 3.2874585457444017
0.4167430169613098 3.2881719611075715
0.4583727348530107 3.2886032206582274
0.4999999988418776 3.2887475069949743
0.5416272628499632 3.2886032206741960
0.5832569807993135 3.2881719611385307
0.6248914794433764 3.2874585457884509
0.6665328348547288 3.2864710655007783
0.7081827564338269 3.2852209714310225
0.7498424827055137 3.2837231842768051
0.7915126936959381 3.2819962132391169
0.8331934452586502 3.2800622677054836
0.8748841311971183 3.2779473403106958
0.9165834792418905 3.2756812358035376
0.9582895866364961 3.2732975165559459
1.0000000000000000 3.2708333333333335
0.0000000000000000 3.3437500000000000
0.0416945115282366 3.3457003652775348
0.0833864564273444 3.3475930851093878
0.1250742253031223 3.3493979705127153
0.1667565412512012 3.3510873631052154
0.2084325221614292 3.3526363625499593
0.2501017146179127 3.3540229676781435
0.2917641008709461 3.3552281493387168
0.3334200815117957 3.3562358729996324
0.3750704371582040 3.3570330879074781
0.4167162727651953 3.3576096976057790
0.4583589482417965 3.3579585241503009
0.4999999989735606 3.3580752756703420
0.5416410497225481 3.3579585241617567
0.5832837252503218 3.3576096976279777
0.6249295609419091 3.3570330879390271
0.6665799167048428 3.3562358730385387
0.7082358974926102 3.3552281493824863
0.7498982839205259 3.3540229677239282
0.7915674765773605 3.3526363625947093
0.8332434577101513 3.3510873631458713
0.8749257738996516 3.3493979705463901
0.9166135430317724 3.3475930851335662
0.9583054881980936 3.3457003652902522
1.0000000000000000 3.3437500000000000
0.0000000000000000 3.4166666666666670
0.0416843821304458 3.4182047438275669
0.0833672203361545 3.4197011195750271
0.1250474674484781 3.4211315284475741
0.1667242779601822 3.4224734990835977
0.2083970534127018 3.4237065885222489
0.2500654698503483 3.4248125535461535
0.2917294874451948 3.4257754689719890
0.3333893433350660 3.4265818035216742
0.3750455293872924 3.4272204637559383
0.4166987570479416 3.4276828157341366
0.4583499117004016 3.4279626927651372
0.4999999991008417 3.4280563959970523
0.5416500865163107 3.4279626927731970
0.5833012412138424 3.4276828157497459
0.6249544689487115 3.4272204637781041
0.6666106551033754 3.4265818035489741
0.7082705111221408 3.4257754690026565
0.7499345288705255 3.4248125535781733
0.7916029454838069 3.4237065885534799
0.8332757211314399 3.4224734991119017
0.8749525318545237 3.4211315284709576
0.9166327791911937 3.4197011195917688
0.9583156176305034 3.4182047438363474
1.0000000000000000 3.4166666666666670
0.0000000000000000 3.4895833333333335
0.0416779284839621 3.4907891691249024
0.0833549210388342 3.4919646277604075
0.1250303005713619 3.4930904173845496
0.1667035128626538 3.4941485243589745
0.2083741583056418 3.4951224291919685
0.2500420124160753 3.4959972773244061
0.2917070347334564 3.4967600098760352
0.3333693664072891 3.4973994603139213
0.3750293173125630 3.4979064232706101
0.4166873439528149 3.4982737015063754
0.4583440197124782 3.4984961363842371
0.4999999992237515 3.4985706263016545
0.5416559787481242 3.4984961363897731
0.5833126545467001 3.4982737015170930
0.6249706812512573 3.4979064232858175
0.6666306322450595 3.4973994603326335
0.7082929640304311 3.4967600098970304
0.7499579864804640 3.4959972773462940
0.7916258407427111 3.4951224292132821
0.8332964863541430 3.4941485243782537
0.8749696988279110 3.4930904174004436
0.9166450785539131 3.4919646277717624
0.9583220713101503 3.4907891691308439
1.0000000000000000 3.4895833333333335
0.0000000000000000 3.5625000000000000
0.0416738135910537 3.5634363701499168
0.0833470565252872 3.5643505556955639
0.1250192934766783 3.5652274201730574
0.1666901642681591 3.5660527400041850
0.2083594054612032 3.5668133909371567
0.2500268649529048 3.5674975024703963
0.2916925090975827 3.5680945826264527
0.3333564223378352 3.5685956162043211
0.3750187997333462 3.5689931400135597
0.4166799331123072 3.5692812986256288
0.4583401918328319 3.5694558839164099
0.4999999993426932 3.5695143611799565
0.5416598068635901 3.5694558839200945
0.5833200656172058 3.5692812986327573
0.6249811990506425 3.5689931400236716
0.6666435765213083 3.5685956162167525
0.7083074898560725 3.5680945826403878
0.7499731341132552 3.5674975024849083
0.7916405937335476 3.5668133909512680
0.8333098350693113 3.5660527400169313
0.8749807060152489 3.5652274201835490
0.9166529431303863 3.5643505557030459
0.9583261862349109 3.5634363701538248
1.0000000000000000 3.5625000000000000
0.0000000000000000 3.6354166666666670
0.0416711840614605 3.6361323462698691
0.0833420192746145 3.6368318978269341
0.1250122276963397 3.6375036636185309
0.1666815774025630 3.6381366358226068
0.2083498968596870 3.6387206097146287
0.2500170849599695 3.6392463144033509
0.2916831162923006 3.6397055219839811
0.3333480415277655 3.6400911365898998
0.3750119830842893 3.6403972651818450
0.4166751264812953 3.6406192720419419
0.4583377080038696 3.6407538188673847
0.4999999994579993 3.6407988921146699
0.5416622909213074 3.6407538188697295
0.5833248724711431 3.6406192720464801
0.6249880159131903 3.6403972651882763
0.6666519575317011 3.6400911365978028
0.7083168828452306 3.6397055219928327
0.7499829142703531 3.6392463144125609
0.7916501024767639 3.6387206097235754
0.8333184220515563 3.6381366358306790
0.8749877718851476 3.6375036636251665
0.9166579804417970 3.6368318978316605
0.9583288157952436 3.6361323462723338
1.0000000000000000 3.6354166666666670
0.0000000000000000 3.7083333333333335
0.0416694940054668 3.7088656253731176
0.0833387755868580 3.7093863874212172
0.1250076694274116 3.7098869004307127
0.1666760282581465 3.7103589014704341
0.2083437422093190 3.7107947035247064
0.2500107454969653 3.7111872998048709
0.2916770201128713 3.7115304527138919
0.3333425963859088 3.7118187680460002
0.3750075504723150 3.7120477552942819
0.4166719990072154 3.7122138750855362
0.4583360912987063 3.7123145747731670
0.4999999995702448 3.7123483131161503
0.5416639078490179 3.7123145747745627
0.5833280001622000 3.7122138750882336
0.6249924487328032 3.7120477552981068
0.6666574028684528 3.7118187680506955
0.7083229792033959 3.7115304527191495
0.7499892538929626 3.7111872998103372
0.7916562572647606 3.7107947035300128
0.8333239713092790 3.7103589014752179
0.8749923302409738 3.7098869004346402
0.9166612241884859 3.7093863874240132
0.9583305058810281 3.7088656253745733
1.0000000000000000 3.7083333333333335
0.0000000000000000 3.7812500000000000
0.0416683922527439 3.7816266652488761
0.0833366576568232 3.7819954115184475
0.1250046885808552 3.7823500444719209
0.1666723941489253 3.7826846783351593
0.2083397061150533 3.7829938236261826
0.2500065831364316 3.7832724645901341
0.2916730132135117 3.7835161261778989
0.3333390141877122 3.7837209307085256
0.3750046323104764 3.7838836445697805
0.4166699390111763 3.7840017154358172
0.4583350260942130 3.7840733005223375
0.4999999996799329 3.7840972863662010
0.5416649732710838 3.7840733005230773
0.5833300603702500 3.7840017154372512
0.6249953670975963 3.7838836445718118
0.6666609852570251 3.7837209307110209
0.7083269862773878 3.7835161261806909
0.7499934164093220 3.7832724645930349
0.7916602934934156 3.7829938236289973
0.8333276055290491 3.7826846783376933
0.8749953111723193 3.7823500444740032
0.9166633421759716 3.7819954115199277
0.9583316076627933 3.7816266652496466
1.0000000000000000 3.7812500000000000
0.0000000000000000 3.8541666666666670
0.0416676496972510 3.8544073592461774
0.0833352282862952 3.8546430957557343
0.1250026741944064 3.8548699075167261
0.1666699352427980 3.8550840168051725
0.2083369720614243 3.8552818941724536
0.2500037606029803 3.8554603094898994
0.2916702936111967 3.8556163765010862
0.3333365809698065 3.8557475908525967
0.3750026489300022 3.8558518617117850
0.4166685382836683 3.8559275371682471
0.4583343016113618 3.8559734236549721
0.4999999997877117 3.8559887996219571
0.5416656979676402 3.8559734236552905
0.5833314613060636 3.8559275371688608
0.6249973506773888 3.8558518617126554
0.6666634186619377 3.8557475908536643
0.7083297060511574 3.8556163765022831
0.7499962390957881 3.8554603094911410
0.7916630276789334 3.8552818941736566
0.8333300645436793 3.8550840168062566
0.8749973256419353 3.8548699075176143
0.9166647716028546 3.8546430957563667
0.9583323502467551 3.8544073592465078
1.0000000000000000 3.8541666666666670
0.0000000000000000 3.9270833333333335
0.0416671118272388 3.9272006173688165
0.0833341917738576 3.9273155159214732
0.1250012118863310 3.9274260922530497
0.1666681484227581 3.9275305008953705
0.2083349834180790 3.9276270159310691
0.2500017058445821 3.9277140563057968
0.2916683122987815 3.9277902080350633
0.3333348071777777 3.9278542432573187
0.3750012023416470 3.9279051361520074
0.4166675162903119 3.9279420757857957
0.4583337729131107 3.9279644759732228
0.4999999998941788 3.9279719822411399
0.5416662268770440 3.9279644759733023
0.5833324835051806 3.9279420757859489
0.6249987974626630 3.9279051361522241
0.6666651926386636 3.9278542432575851
0.7083316875329319 3.9277902080353613
0.7499982940052764 3.9277140563061059
0.7916650164525211 3.9276270159313693
0.8333318514708251 3.9275305008956396
0.8749987880321123 3.9274260922532713
0.9166658081709012 3.9273155159216295
0.9583328881448602 3.9272006173688987
1.0000000000000000 3.9270833333333335
0.0000000000000000 4.0000000000000000
0.0416666666666667 4.0000000000000000
0.0833333333333333 4.0000000000000000
0.1250000000000000 4.0000000000000000
0.1666666666666667 4.0000000000000000
0.2083333333333333 4.0000000000000000
0.2500000000000000 4.0000000000000000
0.2916666666666666 4.0000000000000000
0.3333333333333333 4.0000000000000000
0.3750000000000000 4.0000000000000000
0.4166666666666666 4.0000000000000000
0.4583333333333333 4.0000000000000000
0.5000000000000000 4.0000000000000000
0.5416666666666666 4.0000000000000000
0.5833333333333333 4.0000000000000000
0.6250000000000000 4.0000000000000000
0.6666666666666666 4.0000000000000000
0.7083333333333333 4.0000000000000000
0.7500000000000000 4.0000000000000000
0.7916666666666666 4.0000000000000000
0.8333333333333333 4.0000000000000000
0.8750000000000000 4.0000000000000000
0.9166666666666666 4.0000000000000000
0.9583333333333333 4.0000000000000000
1.0000000000000000 4.0000000000000000
