0.0000000000000000 0.0000000000000000
0.0416666666666667 0.0000000000000000
0.0833333333333333 0.0000000000000000
0.1250000000000000 0.0000000000000000
0.1666666666666667 0.0000000000000000
0.2083333333333333 0.0000000000000000
0.2500000000000000 0.0000000000000000
0.2916666666666666 0.0000000000000000
0.3333333333333333 0.0000000000000000
0.3750000000000000 0.0000000000000000
0.4166666666666666 0.0000000000000000
0.4583333333333333 0.0000000000000000
0.5000000000000000 0.0000000000000000
0.5416666666666666 0.0000000000000000
0.5833333333333333 0.0000000000000000
0.6250000000000000 0.0000000000000000
0.6666666666666666 0.0000000000000000
0.7083333333333333 0.0000000000000000
0.7500000000000000 0.0000000000000000
0.7916666666666666 0.0000000000000000
0.8333333333333333 0.0000000000000000
0.8750000000000000 0.0000000000000000
0.9166666666666666 0.0000000000000000
0.9583333333333333 0.0000000000000000
1.0000000000000000 0.0000000000000000
0.0000000000000000 0.0729166666666667
0.0416671087438761 0.0728168237726277
0.0833341860542902 0.0727189637420987
0.1250012041228860 0.0726247400034488
0.1666681392927174 0.0725357311674294
0.2083349736260446 0.0724534163863410
0.2500016960726992 0.0723791530948659
0.2916683031681637 0.0723141573002927
0.3333347992221131 0.0722594865173088
0.3750011959921601 0.0722160253878375
0.4166675118695551 0.0721844739837484
0.4583337706344868 0.0721653387674453
0.4999999998638003 0.0721589261721175
0.5416662290954380 0.0721653387673585
0.5833324878672443 0.0721844739835805
0.6249988037560120 0.0722160253875998
0.6666652005416881 0.0722594865170171
0.7083316966153220 0.0723141572999666
0.7499983037341558 0.0723791530945272
0.7916650262075255 0.0724534163860129
0.8333318605704356 0.0725357311671341
0.8749987957722607 0.0726247400032069
0.9166658138747030 0.0727189637419269
0.9583328912202691 0.0728168237725385
1.0000000000000000 0.0729166666666667
0.0000000000000000 0.1458333333333333
0.0416676429228766 0.1456284308272002
0.0833352158305219 0.1454276416077004
0.1250026574430240 0.1452343547317376
0.1666699157284610 0.1450518030298877
0.2083369513300393 0.1448830130445923
0.2500037401050088 0.1447307599987389
0.2916702746245280 0.1445975280898366
0.3333365645552991 0.1444854762568292
0.3750026359152980 0.1443964094458517
0.4166685292676121 0.1443317553237060
0.4583342969790979 0.1442925463368212
0.4999999997272148 0.1442794070037756
0.5416657024799250 0.1442925463364728
0.5833314702052362 0.1443317553230324
0.6249973635802659 0.1443964094448975
0.6666634349716162 0.1444854762556584
0.7083297249417567 0.1445975280885275
0.7499962595081218 0.1447307599973797
0.7916630483365562 0.1448830130432750
0.8333300839974184 0.1450518030287023
0.8749973423469125 0.1452343547307658
0.9166647840272333 0.1454276416070105
0.9583323570052867 0.1456284308268414
1.0000000000000000 0.1458333333333333
0.0000000000000000 0.2187500000000000
0.0416683804594820 0.2184293354714279
0.0833366362908321 0.2181152265149482
0.1250046602960477 0.2178129653331296
0.1666723617397436 0.2175275924820662
0.2083396722648766 0.2172638199242912
0.2500065502307087 0.2170259623171488
0.2916729832282781 0.2168178768758251
0.3333389886506659 0.2166429118989532
0.3750046123213589 0.2165038638648540
0.4166699253001067 0.2164029428797974
0.4583350190941318 0.2163417462078577
0.4999999995898028 0.2163212396019090
0.5416649800924681 0.2163417462070460
0.5833300739071835 0.2164029428782279
0.6249953869201603 0.2165038638626310
0.6666610106378960 0.2166429118962245
0.7083270161195399 0.2168178768727737
0.7499934491874642 0.2170259623139795
0.7916603272337365 0.2172638199212188
0.8333276378479566 0.2175275924793003
0.8749953393880165 0.2178129653308614
0.9166633634951949 0.2181152265133368
0.9583316194324624 0.2184293354705898
1.0000000000000000 0.2187500000000000
0.0000000000000000 0.2916666666666667
0.0416694749033207 0.2912134968060520
0.0833387417017033 0.2907698377110324
0.1250076256021652 0.2903431440434973
0.1666759792995585 0.2899405000509606
0.2083436924399483 0.2895685137752240
0.2500106984609478 0.2892332236345782
0.2916769784482310 0.2889400175873382
0.3333425618495975 0.2886935647234856
0.3750075240814857 0.2884977588639953
0.4166719812469635 0.2883556736026011
0.4583360823406197 0.2882695281643477
0.4999999994512628 0.2882406635032752
0.5416639165711352 0.2882695281628247
0.5833280176925738 0.2883556735996559
0.6249924749037011 0.2884977588598224
0.6666574371986012 0.2886935647183631
0.7083230206791051 0.2889400175816069
0.7499893007605701 0.2892332236286237
0.7916563068890803 0.2895685137694481
0.8333240201487090 0.2899405000457587
0.8749923739749740 0.2903431440392287
0.9166612580119136 0.2907698377079982
0.9583305249520269 0.2912134968044727
1.0000000000000000 0.2916666666666667
0.0000000000000000 0.3645833333333334
0.0416711539941969 0.3639740058477531
0.0833419674371592 0.3633779210139369
0.1250121628276708 0.3628050564719504
0.1666815076311827 0.3622648647297833
0.2083498289233437 0.3617661364703122
0.2500170237671311 0.3613168817915460
0.2916830648359040 0.3609242291675371
0.3333480011066672 0.3605943413948333
0.3750119537467880 0.3603323474594262
0.4166751075788609 0.3601422890832458
0.4583376987377232 0.3600270807128407
0.4999999993111385 0.3599884818293442
0.5416622998962827 0.3600270807102899
0.5833248910898395 0.3601422890783113
0.6249880449793167 0.3603323474524339
0.6666519976983422 0.3605943413862450
0.7083169340685145 0.3609242291579250
0.7499829752553440 0.3613168817815523
0.7916501702341483 0.3617661364606132
0.8333184916758868 0.3622648647210405
0.8749878366412509 0.3628050564647711
0.9166580322030844 0.3633779210088292
0.9583288458240868 0.3639740058450924
1.0000000000000000 0.3645833333333334
0.0000000000000000 0.4375000000000000
0.0416737669219636 0.4367027274928589
0.0833469790671792 0.4359235696603193
0.1250192009953441 0.4351755005969273
0.1666900704577797 0.4344707608394508
0.2083593206047628 0.4338206883501103
0.2500267953108575 0.4332355750996076
0.2916924570139213 0.4327245480852849
0.3333563869489394 0.4322954729376842
0.3750187780871298 0.4319548778555823
0.4166799214641925 0.4317078954881137
0.4583401868775017 0.4315582204731688
0.4999999991692608 0.4315080806580543
0.5416598114749643 0.4315582204691778
0.5833200769302513 0.4317078954803928
0.6249812203762986 0.4319548778446364
0.6666436116097283 0.4322954729242348
0.7083075416643899 0.4327245480702204
0.7499732035098863 0.4332355750839352
0.7916406783786307 0.4338206883348851
0.8333099287060827 0.4344707608257148
0.8749807983636582 0.4351755005856348
0.9166530204985840 0.4359235696522769
0.9583262328586389 0.4367027274886642
1.0000000000000000 0.4375000000000000
0.0000000000000000 0.5104166666666667
0.0416778567167716 0.5093898778223807
0.0833548078759808 0.5083877336864772
0.1250301745381426 0.5074268040434508
0.1667033970327075 0.5065226373147490
0.2083740680425066 0.5056895598104414
0.2500419546168252 0.5049405112487294
0.2917070084937898 0.5042869135541587
0.3333693648321120 0.5037385690687360
0.3750293300640895 0.5033035839140581
0.4166873600620571 0.5029883122269666
0.4583440301842071 0.5027973173463367
0.4999999990252122 0.5027333466211736
0.5416559678827705 0.5027973173403685
0.5833126380538916 0.5029883122154163
0.6249706681328976 0.5033035838976774
0.6666306334762949 0.5037385690485933
0.7082929899550381 0.5042869135315815
0.7499580439988318 0.5049405112252153
0.7916259307640392 0.5056895597875751
0.8332966019854283 0.5065226372940914
0.8749698247090860 0.5074268040264466
0.9166451916139056 0.5083877336743479
0.9583221430254676 0.5093898778160456
1.0000000000000000 0.5104166666666667
0.0000000000000000 0.5833333333333334
0.0416842727272632 0.5820235122304805
0.0833670596405038 0.5807472795615712
0.1250473072366362 0.5795255369158165
0.1667241571150582 0.5783777597347246
0.2083969942218688 0.5773217699261738
0.2500654773290925 0.5763735595874856
0.2917295514018906 0.5755471595054528
0.3333894425530867 0.5748545451518469
0.3750456370807956 0.5743055726292515
0.4166988466666214 0.5739079373752152
0.4583499621922429 0.5736671492085396
0.4999999988790288 0.5735865184510625
0.5416500355845676 0.5736671491998947
0.5833011511666466 0.5739079373584806
0.6249543608452737 0.5743055726055013
0.6666105555011443 0.5748545451226215
0.7082704468134139 0.5755471594726571
0.7499345210780665 0.5763735595532905
0.7916030044045144 0.5773217698928697
0.8332758417547378 0.5783777597045927
0.8749526918965660 0.5795255368909680
0.9166329397720281 0.5807472795438160
0.9583157269757770 0.5820235122211880
1.0000000000000000 0.5833333333333334
0.0000000000000000 0.6562500000000000
0.0416943464634462 0.6545888915775012
0.0833862375663162 0.6529738516450238
0.1250740468344064 0.6514309904908739
0.1667564685626769 0.6499844151176293
0.2084325860637010 0.6486559893646043
0.2501019115274550 0.6474651654389161
0.2917643981480018 0.6464288746925627
0.3334204265748875 0.6455614647151490
0.3750707686900185 0.6448746701272208
0.4167165322547068 0.6443776055256741
0.4583590902411971 0.6440767706788987
0.4999999987304267 0.6439760600180982
0.5416409072411213 0.6440767706666780
0.5832834652911233 0.6443776055020035
0.6249292289609422 0.6448746700936062
0.6665795712206802 0.6455614646737369
0.7082355998299130 0.6464288746460366
0.7498980866672504 0.6474651653903229
0.7915674123792579 0.6486559893171975
0.8332435301557090 0.6499844150746472
0.8749259521824869 0.6514309904553546
0.9166137617671036 0.6529738516195820
0.9583056531995263 0.6545888915641546
1.0000000000000000 0.6562500000000000
0.0000000000000000 0.7291666666666667
0.0417101673565213 0.7270676794057721
0.0834162419548492 0.7250324697151208
0.1251157286398442 0.7230933597557780
0.1668066625112835 0.7212798375370010
0.2084877009513292 0.7196183359767541
0.2501581706950508 0.7181321101163791
0.2918180731960002 0.7168411903625076
0.3334680531955695 0.7157623899111574
0.3751093362111603 0.7149093461953760
0.4167436408683243 0.7142925788175735
0.4583730718132429 0.7139195494805189
0.4999999985797713 0.7137947127164317
0.5416269253699253 0.7139195494635772
0.5832563563859861 0.7142925787847447
0.6248906611601328 0.7149093461487065
0.6665319443373701 0.7157623898535951
0.7081819245402440 0.7168411902977238
0.7498418272835637 0.7181321100485929
0.7915122973045190 0.7196183359104662
0.8331933360527461 0.7212798374767551
0.8748842702581097 0.7230933597058500
0.9165837572977046 0.7250324696792562
0.9582898322653646 0.7270676793868978
1.0000000000000000 0.7291666666666667
0.0000000000000000 0.8020833333333334
0.0417350163098868 0.7994368980692638
0.0834631424274005 0.7968797658923816
0.1251805838719963 0.7944515447021762
0.1668844271675693 0.7921878053768289
0.2085727538236255 0.7901199435360410
0.2502446843685091 0.7882751717855082
0.2919003615591572 0.7866766039007070
0.3335408831752262 0.7853433956340201
0.3751681947644900 0.7842909116780229
0.4167849518385887 0.7835308937477399
0.4583943597826474 0.7830716102105792
0.4999999984270677 0.7829179727505773
0.5416056370978900 0.7830716101874931
0.5832150451200886 0.7835308937029682
0.6248318023235934 0.7842909116143101
0.6664591140909822 0.7853433955553024
0.7080996359318736 0.7866766038119447
0.7497553133901173 0.7882751716923960
0.7914272442418410 0.7901199434447415
0.8331155712388364 0.7921878052935805
0.8748194149045291 0.7944515446329536
0.9165368567422825 0.7968797658424682
0.9582649832698972 0.7994368980428961
1.0000000000000000 0.8020833333333334
0.0000000000000000 0.8750000000000000
0.0417740496729785 0.8716675251812420
0.0835363696386001 0.8684617074564405
0.1252812621403875 0.8654304411374153
0.1670044986168261 0.8626158414852565
0.2087034371405846 0.8600543126475936
0.2503770347314510 0.8577767772943725
0.2920257756233634 0.8558090036962276
0.3336515356764754 0.8541719764242698
0.3752574005301587 0.8528822679105792
0.4168474518040461 0.8519523784717091
0.4584265323079009 0.8513910212793266
0.4999999982732093 0.8512033360809589
0.5415734642669765 0.8513910212483576
0.5831525448565554 0.8519523784116061
0.6247425962714883 0.8528822678249185
0.6663484613202471 0.8541719763182406
0.7079742216190010 0.8558090035763569
0.7496229628041874 0.8577767771682644
0.7912965607310910 0.8600543125234951
0.8329954996291248 0.8626158413716688
0.8747187365119687 0.8654304410425457
0.9164636294463107 0.8684617073877212
0.9582259498635386 0.8716675251447571
1.0000000000000000 0.8750000000000000
0.0000000000000000 0.9479166666666667
0.0418353843614552 0.9437225236045397
0.0836505525819498 0.9397105461552018
0.1254371129541350 0.9359375084774557
0.1671891255443729 0.9324519037225815
0.2089031630771931 0.9292944503487436
0.2505782244235785 0.9264987672523985
0.2922155435746948 0.9240921178422445
0.3338183295727319 0.9220961485650103
0.3753914645362836 0.9205275693930008
0.4169411789995031 0.9193987412242441
0.4584747170184306 0.9187181481301669
0.4999999981187319 0.9184907413757684
0.5415252792502374 0.9187181480892687
0.5830588173615437 0.9193987411447798
0.6246085319778745 0.9205275692795658
0.6661816671524197 0.9220961484242512
0.7077844534171742 0.9240921176826439
0.7494217728863468 0.9264987670838541
0.7910968345982418 0.9292944501821886
0.8328108725382122 0.9324519035693707
0.8745628855716722 0.9359375083488115
0.9163494464160690 0.9397105460614597
0.9581646151306570 0.9437225235544620
1.0000000000000000 0.9479166666666667
0.0000000000000000 1.0208333333333335
0.0419318355198883 1.0155539266022084
0.0838283520599061 1.0105405373258409
0.1256775751822672 1.0058582506141032
0.1674715998633194 1.0015603696368451
0.2092064419176780 0.9976897826122298
0.2508817127899681 0.9942804182409207
0.2925001934928675 0.9913586556682764
0.3340673615885117 0.9889446057091378
0.3755909064024396 0.9870532165603102
0.4170802528508036 0.9856951816934031
0.4585461031675687 0.9848776425081952
0.4999999979653414 0.9846046862296081
0.5414538927961334 0.9848776424550357
0.5829197432124205 0.9856951815900006
0.6244090898246805 0.9870532164123831
0.6659326348656203 0.9889446055250719
0.7074998032476623 0.9913586554587775
0.7491182842933118 0.9942804180187109
0.7907935555594370 0.9976897823914551
0.8325283980538685 1.0015603694325483
0.8743224232144974 1.0058582504413816
0.9161716468492846 1.0105405371990548
0.9580681639264930 1.0155539265339300
1.0000000000000000 1.0208333333333335
0.0000000000000000 1.0937500000000000
0.0420837412253209 1.0870982577918029
0.0841048403996446 1.0808416086425743
0.1260471617526095 1.0750499870754271
0.1679012021862705 1.0697769827758332
0.2096633963863883 1.0650627809769317
0.2513352947602449 1.0609368748424273
0.2929227193815328 1.0574204360326442
0.3344349587197103 1.0545283035223116
0.3758840307293226 1.0522705934603298
0.4172840229030677 1.0506539543676272
0.4586505044811131 1.0496824996658149
0.4999999978144147 1.0493584484866871
0.5413494911832744 1.0496824995978982
0.5827159728666299 1.0506539542353119
0.6241159652151309 1.0522705932706029
0.6655650374659738 1.0545283032853991
0.7070772771098117 1.0574204357618351
0.7486647020966621 1.0609368745535916
0.7903366008921188 1.0650627806881374
0.8320987955638102 1.0697769825065613
0.8739528365132349 1.0750499868458618
0.9158951584185350 1.0808416084724506
0.9579162581739691 1.0870982576992478
1.0000000000000000 1.0937500000000000
0.0000000000000000 1.1666666666666667
0.0423236617090456 1.1582688651083841
0.0845343024937984 1.1504695036477699
0.1266126965261140 1.1433328889035268
0.1685499219344178 1.1369022550172889
0.2103455077981098 1.1312052102245289
0.2520057303437483 1.1262581606728808
0.2935421307064522 1.1220698021307800
0.3349702702376512 1.1186438116075241
0.3763087085261486 1.1159808752614340
0.4175781734330062 1.1140801765403294
0.4588008855624628 1.1129404479311227
0.4999999976687863 1.1125606662768668
0.5411991098120262 1.1129404478459499
0.5824218220528503 1.1140801763741375
0.6236912871433382 1.1159808750224294
0.6650297256867074 1.1186438113079200
0.7064578655403264 1.1220698017864834
0.7479942662902604 1.1262581603033257
0.7896544892827709 1.1312052098520970
0.8314500756483997 1.1369022546668781
0.8733873016070033 1.1433328886015772
0.9154656962313428 1.1504695034213197
0.9576763376414031 1.1582688649835033
1.0000000000000000 1.1666666666666667
0.0000000000000000 1.2395833333333335
0.0427044647451534 1.2289422649202641
0.0852008586938301 1.2192297967730437
0.1274736207290374 1.2104767296818937
0.1695211860080746 1.2026927135223866
0.2113524046669674 1.1958739825464855
0.2529836934372016 1.1900090323718779
0.2944368622165663 1.1850826432382626
0.3357374910112267 1.1810786851497475
0.3769137391762755 1.1779820417439593
0.4179954834519870 1.1757799039393921
0.4590136972102741 1.1744626149708228
0.4999999975309386 1.1740241931675979
0.5409862978906075 1.1744626148662158
0.5820045117644584 1.1757799037348680
0.6230862562322360 1.1779820414489215
0.6642625046629760 1.1810786847781698
0.7055631337953366 1.1850826428087331
0.7470163029801932 1.1900090319072849
0.7886475922204738 1.1958739820739734
0.8304788114084372 1.2026927130727918
0.8725263772705469 1.2104767292893794
0.9147991399358184 1.2192297964740568
0.9572955345543168 1.2289422647523998
1.0000000000000000 1.2395833333333335
0.0000000000000000 1.3125000000000000
0.0433138744060661 1.2989323499924703
0.0862350929296865 1.2868514162760867
0.1287761703961314 1.2761814098296724
0.1709603633896839 1.2668496610676709
0.2128188842908676 1.2587870379214456
0.2543880117903435 1.2519302610037726
0.2957070271904513 1.2462234567056647
0.3368168384055567 1.2416190143397960
0.3777591149770664 1.2380779712397012
0.4185757867413576 1.2355701189550086
0.4593087930642195 1.2340739699797030
0.4999999974049625 1.2335766780763378
0.5406912017853776 1.2340739698541510
0.5814242082280416 1.2355701187090546
0.6222408801901188 1.2380779708836112
0.6631831570367728 1.2416190138891110
0.7042929686010106 1.2462234561811105
0.7456119844222279 1.2519302604315534
0.7871811124103779 1.2587870373331078
0.8290396338644425 1.2668496605004476
0.8712238274697507 1.2761814093262878
0.9137649056020344 1.2868514158849580
0.9566861248392000 1.2989323497673408
1.0000000000000000 1.3125000000000000
0.0000000000000000 1.3854166666666667
0.0443019604942668 1.3679392628557647
0.0878396831833561 1.3529432863122199
0.1307315046848459 1.3400499730618400
0.1730655913481327 1.3290065149890935
0.2149201878571546 1.3196208841943642
0.2563672573583317 1.3117426764758269
0.2974738669340594 1.3052531839715218
0.3383030082411774 1.3000592672726365
0.3789142812052474 1.2960892199979583
0.4193645573646962 1.2932898721644712
0.4597086505335745 1.2916245682813883
0.4999999972943361 1.2910718260425051
0.5402913440962077 1.2916245681345540
0.5806354373869089 1.2932898718761694
0.6210857137490914 1.2960892195790641
0.6616969869941091 1.3000592667395534
0.7025261286593363 1.3052531833466223
0.7436327386667434 1.3117426757875914
0.7850798086711047 1.3196208834782071
0.8269344057507898 1.3290065142878460
0.8692684930495685 1.3400499724272117
0.9121603152476244 1.3529432858062702
0.9556980386920787 1.3679392625541971
1.0000000000000000 1.3854166666666667
0.0000000000000000 1.4583333333333335
0.0459342913776362 1.4354468087347807
0.0903263040766834 1.4169283007959119
0.1336350765710128 1.4015570041705738
0.1760948222621086 1.3887195696115642
0.2178716660907591 1.3780138920482228
0.2590956108263224 1.3691565959458920
0.2998741623618263 1.3619410427124967
0.3402995901076296 1.3562145681076916
0.3804534210154160 1.3518648828829414
0.4204095561643587 1.3488115055083014
0.4602366386504807 1.3470002748829308
0.4999999972039039 1.3463999375094433
0.5397633557983442 1.3470002747160310
0.5795904384084212 1.3488115051799445
0.6195465737621120 1.3518648824040445
0.6597004049550964 1.3562145674950365
0.7001258330634528 1.3619410419889191
0.7409043850375748 1.3691565951412048
0.7821283302844065 1.3780138911999076
0.8239051746954792 1.3887195687667362
0.8663649210376877 1.4015570033882467
0.9096736942520409 1.4169283001520296
0.9540657077425716 1.4354468083314700
1.0000000000000000 1.4583333333333335
0.0000000000000000 1.5312500000000000
0.0486861233994509 1.5005367905061369
0.0941578767990641 1.4779632448931517
0.1378771457694554 1.4600276977012394
0.1803604287403531 1.4454743511996777
0.2219167026797423 1.4335829978770980
0.2627590735841404 1.4238906636207505
0.3030472717344640 1.4160819437199075
0.3429081445831660 1.4099355081025486
0.3824470970917000 1.4052947850891686
0.4217552265708206 1.4020507589393572
0.4609142147279662 1.4001315595933896
0.4999999971371660 1.3994962584151960
0.5390857795882378 1.4001315594095791
0.5782447678694129 1.4020507585769919
0.6175528975549736 1.4052947845589694
0.6570918503496079 1.4099355074208135
0.6969527235632043 1.4160819429092411
0.7372409221538885 1.4238906627105790
0.7780832935728608 1.4335829969053897
0.8196395680984441 1.4454743502148428
0.8621228517274800 1.4600276967666694
0.9058421214299240 1.4779632440948633
0.9513138756461518 1.5005367899722317
1.0000000000000000 1.5312500000000000
0.0000000000000000 1.6041666666666667
0.0533477065155435 1.5616806841675250
0.0999616456370758 1.5349065243767517
0.1439211065953579 1.5146664863550192
0.1861979234135134 1.4987284216552854
0.2272958793803440 1.4859637915871964
0.2675287620425712 1.4757041468809431
0.3071135623951062 1.4675205282203605
0.3462117134208068 1.4611251218304426
0.3849504303212720 1.4563210607559478
0.4234350989668876 1.4529746276663438
0.4617572159003001 1.4509991929759225
0.4999999970981825 1.4503459691111329
0.5382427783373749 1.4509991927802666
0.5765648953956141 1.4529746272800834
0.6150495642472368 1.4563210601892160
0.6537882814343803 1.4611251210988845
0.6928864328240670 1.4675205273453640
0.7324712336165163 1.4757041458908031
0.7727041167912433 1.4859637905181979
0.8138020733424055 1.4987284205547848
0.8560788908161627 1.5146664852860365
0.9000383525064823 1.5349065234291872
0.9466522924525310 1.5616806834859196
1.0000000000000000 1.6041666666666667
0.0000000000000000 1.6770833333333335
0.0609437789133827 1.6169026801450752
0.1084374215606204 1.5864743808743578
0.1522202437719795 1.5646870797564729
0.1938981681274203 1.5480090625098633
0.2341946685928059 1.5348792638091606
0.2735218278060680 1.5244429105416863
0.3121459192420326 1.5161804155984915
0.3502546041824548 1.5097564030588932
0.3879893746277910 1.5049477816033134
0.4254632955618357 1.5016060066998331
0.4627718017623780 1.4996361528700808
0.4999999970885279 1.4989852193229871
0.5372281924566640 1.4996361526693194
0.5745366987814683 1.5016060063030887
0.6120106199220524 1.5049477810203180
0.6497453906530060 1.5097564023043690
0.6878540759567185 1.5161804146928031
0.7264781678296689 1.5244429095112357
0.7658053275517817 1.5348792626881278
0.8061018285949028 1.5480090613423081
0.8477797535976893 1.5646870786020568
0.8915625765304899 1.5864743798199037
0.9390562199941956 1.6169026793398256
1.0000000000000000 1.6770833333333335
0.0000000000000000 1.7500000000000000
0.0722497557282675 1.6647351925372216
0.1201503416609924 1.6316043822807555
0.1630817102126402 1.6095307979072171
0.2036125788348816 1.5930536226065311
0.2426783646387172 1.5802269675641705
0.2807574297518740 1.5700910419105027
0.3181402349283773 1.5620929872058815
0.3550228575583438 1.5558867969859331
0.3915481619452957 1.5512467179337737
0.4278270620194058 1.5480243365502677
0.4639509724678962 1.5461256050621937
0.4999999971093130 1.5454982835245268
0.5360490217922006 1.5461256048639489
0.5721729323658707 1.5480243361584909
0.6084518326461791 1.5512467173578652
0.6449771373192400 1.5558867962403014
0.6818597603110673 1.5620929863099906
0.7192425659228008 1.5700910408897681
0.7573216315400586 1.5802269664506456
0.7963874179148029 1.5930536214414275
0.8369182871728115 1.6095307967446952
0.8798496564291861 1.6316043811986947
0.9277502431559661 1.6647351916745836
1.0000000000000000 1.7500000000000000
0.0326315480550129 1.7521387846565475
0.0905192328793992 1.6980884150935220
0.1356716073247487 1.6690447509695390
0.1765556833088027 1.6490288468629728
0.2152593827878885 1.6339516645753507
0.2526328120002270 1.6221605602336024
0.2891212027466731 1.6128121084711320
0.3249942523763369 1.6054158897951567
0.3604316510404511 1.5996643481914179
0.3955619024619356 1.5953568633188107
0.4304826637544330 1.5923616560094751
0.4652727400630592 1.5905952920319728
0.4999999971583337 1.5900114572907758
0.5347272542959602 1.5905952918438513
0.5695173307298373 1.5923616556379503
0.6044380922300271 1.5953568627734454
0.6395683439377879 1.5996643474865646
0.6750057429643797 1.6054158889504400
0.7108787930276207 1.6128121075116344
0.7473671842755315 1.6221605591912349
0.7847406140528049 1.6339516634905231
0.8234443141595102 1.6490288457896969
0.8643283908376503 1.6690447499873777
0.9094807660702497 1.6980884143533390
0.9673684519449872 1.7521387846565473
0.0647047612756303 1.7585185434277331
0.1130410028386351 1.7230912154556848
0.1540506588176258 1.7006496693199640
0.1920641282188053 1.6841530131906011
0.2284162134601765 1.6713406754100004
0.2637303639059752 1.6611409748882666
0.2983547101543448 1.6529580523771834
0.3325052209450018 1.6464288890923049
0.3663258123711386 1.6413197115151634
0.3999178679506271 1.6374756129697958
0.4333565521618813 1.6347938583199937
0.4667007872411681 1.6332090159611217
0.4999999972326070 1.6326846393377734
0.5332992072661595 1.6332090157896015
0.5666434424723291 1.6347938579818604
0.6000821268921153 1.6374756124748118
0.6336741827598162 1.6413197108781705
0.6674947745486711 1.6464288883331917
0.7016452857727996 1.6529580515215885
0.7362696325195123 1.6611409739681706
0.7715837835249700 1.6713406744660702
0.8079358693843607 1.6841530122762325
0.8459493394659325 1.7006496685124837
0.8869589962081201 1.7230912148874238
0.9352952387243698 1.7585185434277328
0.0956708580912725 1.7690301168721783
0.1368899575297080 1.7456858228016165
0.1737748431545362 1.7292215176857075
0.2086701744081567 1.7164502867985889
0.2424314881010656 1.7061902214435727
0.2754893771605413 1.6978298620565133
0.3080921351351351 1.6910081364894327
0.3403942106136991 1.6854958140471015
0.3724963509799968 1.6811410833115132
0.4044665543993183 1.6778414058353308
0.4363522027798331 1.6755278813596803
0.4681877418809454 1.6741562405215262
0.4999999973262036 1.6737016897574095
0.5318122528145880 1.6741562403712464
0.5636477920431566 1.6755278810641214
0.5955334406343297 1.6778414054045514
0.6275036443427645 1.6811410827605060
0.6596057850728341 1.6854958133960454
0.6919078609831515 1.6910081357636737
0.7245106194522360 1.6978298612874114
0.7575685090624038 1.7061902206694939
0.7913298233587701 1.7164502860681015
0.8262251552685386 1.7292215170639096
0.8631100416156514 1.7456858223879133
0.9043291419087276 1.7690301168721783
0.1250000000000000 1.7834936490538904
0.1605880580489296 1.7682961178419463
0.1936416924515166 1.7566930602997988
0.2254671301973904 1.7472713770691950
0.2566167193807991 1.7394482724694695
0.2873804403369111 1.7329109587692519
0.3179243670440456 1.7274711248676706
0.3483471309372993 1.7230076723082586
0.3787074639778405 1.7194396212221048
0.4090392996505333 1.7167118446441245
0.4393608106424337 1.7147870586728937
0.4696802440707546 1.7136411829378713
0.4999999974332870 1.7132606809854118
0.5303197508387615 1.7136411828111970
0.5606391843961194 1.7147870584245690
0.5909606955994124 1.7167118442840825
0.6212925315626037 1.7194396207651916
0.6516528649660150 1.7230076717739449
0.6820756292885387 1.7274711242801544
0.7126195564829496 1.7329109581572588
0.7433832779775187 1.7394482718668796
0.7745328677436419 1.7472713765159840
0.8063583061142028 1.7566930598454338
0.8394119411897977 1.7682961175541190
0.8750000000000001 1.7834936490538902
0.1521903572521802 1.8016616649271913
0.1831652668057510 1.7920475258168731
0.2127534432701585 1.7842114712554518
0.2416987631909107 1.7775685113694444
0.2703536751273118 1.7718653256906074
0.2989053966185323 1.7669700739148091
0.3274550350341062 1.7628077803956410
0.3560541108993840 1.7593332122138641
0.3847239152684013 1.7565178756052824
0.4134667162531452 1.7543433069165681
0.4422726795265768 1.7527974647258444
0.4711243898732761 1.7518727557474310
0.4999999975464410 1.7515649697152635
0.5288756052633717 1.7518727556446210
0.5577273157392736 1.7527974645250131
0.5865332792252995 1.7543433066272225
0.6152760805000240 1.7565178752413280
0.6439458852306087 1.7593332117933924
0.6725449615200227 1.7628077799403483
0.7010946004139679 1.7669700734497042
0.7296463224277742 1.7718653252434398
0.7583012349230626 1.7775685109708383
0.7872465554329946 1.7842114709397274
0.8168347325187955 1.7920475256261552
0.8478096427478199 1.8016616649271913
0.1767766952966369 1.8232233047033630
0.2039075827534119 1.8174308571869333
0.2304263469305373 1.8124032746840189
0.2567608264264981 1.8079406254870958
0.2831270286875608 1.8039665081521412
0.3096349755247344 1.8004529594921876
0.3363340122173742 1.7973933049771376
0.3632364920044099 1.7947900116292941
0.3903314878144206 1.7926488585510150
0.4175932292586633 1.7909761149419090
0.4449865064108114 1.7897772244508885
0.4724702485962998 1.7890562441985680
0.4999999976595862 1.7888156423249508
0.5275297467662673 1.7890562441181632
0.5550134890817608 1.7897772242944734
0.5824067664460282 1.7909761147180725
0.6096685081797282 1.7926488582722764
0.6367635043479312 1.7947900113115007
0.6636659845533280 1.7973933046389201
0.6903650217132257 1.8004529591540219
0.7168729690561807 1.8039665078356157
0.7432391718506780 1.8079406252140306
0.7695736519001350 1.8124032744763154
0.7960924166480335 1.8174308570677431
0.8232233047033631 1.8232233047033630
0.1983383350728088 1.8478096427478199
0.2222667494991068 1.8445777140684183
0.2461338455500110 1.8415564957508408
0.2701798913874986 1.8387205292383939
0.2945248235660555 1.8360826714694736
0.3192193772943259 1.8336693956373251
0.3442712091520164 1.8315105591371650
0.3696602443560216 1.8296346075352292
0.3953483664667630 1.8280663538191837
0.4212857671880985 1.8268260833318217
0.4474151830244239 1.8259293373396044
0.4736747546351173 1.8253870072792548
0.4999999977662690 1.8252055227001014
0.5263252409413237 1.8253870072187361
0.5525848126814508 1.8259293372223646
0.5787142287297670 1.8268260831652892
0.6046516297383797 1.8280663536139796
0.6303397522039271 1.8296346073046539
0.6557287878190374 1.8315105588963292
0.6807806201330113 1.8336693954022918
0.7054751743497618 1.8360826712560967
0.7298201070375123 1.8387205290613284
0.7538661533944969 1.8415564956226318
0.7777332499696041 1.8445777139993922
0.8016616649271913 1.8478096427478197
0.2165063509461096 1.8750000000000000
0.2378173740276508 1.8734030075794670
0.2594719464222208 1.8717382643267144
0.2815919561616683 1.8700518256877681
0.3042281033598992 1.8683945387790803
0.3273853124958200 1.8668155517031049
0.3510378390847848 1.8653593906334147
0.3751391662686239 1.8640646155178267
0.3996288007130640 1.8629633306375779
0.4244370164901512 1.8620811798210635
0.4494881610266191 1.8614375928669238
0.4747029399610340 1.8610461214864760
0.4999999978620163 1.8609147521143712
0.5252970558063390 1.8610461214428422
0.5505118348702567 1.8614375927827707
0.5755629796172430 1.8620811797024068
0.6003711956797972 1.8629633304929871
0.6248608304745155 1.8640646153577898
0.6489621580628168 1.8653593904696280
0.6726146850969615 1.8668155515474771
0.6957718947057925 1.8683945386427272
0.7184080423909395 1.8700518255798599
0.7405280526199088 1.8717382642534957
0.7621826254978358 1.8734030075434773
0.7834936490538904 1.8750000000000000
0.2309698831278217 1.9043291419087276
0.2502325042612900 1.9036871108690796
0.2701358500436690 1.9028716397825098
0.2907239746985999 1.9019475474113943
0.3119977151355833 1.9009731052469652
0.3339273360102809 1.8999996718663397
0.3564611814929694 1.8990716210221408
0.3795320039687659 1.8982264345256361
0.4030617025644908 1.8974949299166968
0.4269648536723111 1.8969015869072552
0.4511512863831697 1.8964649212012545
0.4755279114871598 1.8961978484250293
0.4999999979424475 1.8961079854802192
0.5244720844413607 1.8961978483953439
0.5488487096738228 1.8964649211442324
0.5730351425943425 1.8969015868274379
0.5969382939848356 1.8974949298204611
0.6204679929271075 1.8982264344207229
0.6435388158005850 1.8990716209169607
0.6660726617191067 1.8999996717692140
0.6880022830528558 1.9009731051651904
0.7092760239582404 1.9019475473503187
0.7298641490775158 1.9028716397445757
0.7497674953098298 1.9036871108529829
0.7690301168721784 1.9043291419087274
0.2414814565722671 1.9352952387243698
0.2592686988855394 1.9351254723095099
0.2779032250052131 1.9347860833530450
0.2973786347401748 1.9343324271343678
0.3176615743291701 1.9338118941284272
0.3386977847190529 1.9332650601105645
0.3604169847558717 1.9327263918158963
0.3827369369350946 1.9322247317313954
0.4055667981420402 1.9317836878196282
0.4288097929612648 1.9314219842121017
0.4523652565840171 1.9311537847493341
0.4761301269561118 1.9309889774034648
0.4999999980051563 1.9309333986357871
0.5238698690971820 1.9309889773852185
0.5476347395974899 1.9311537847144125
0.5711902034281436 1.9314219841635156
0.5944331985281049 1.9317836877615981
0.6172630600775757 1.9322247316689685
0.6395830126492760 1.9327263917544899
0.6613022131137951 1.9332650600553782
0.6823384239520948 1.9338118940838132
0.7026213639947996 1.9343324271031317
0.7220967741750440 1.9347860833357593
0.7407313007193359 1.9351254723038334
0.7585185434277329 1.9352952387243698
0.2478612153434526 1.9673684519449870
0.2647569124544842 1.9673598961384704
0.2826224708614764 1.9672510943602048
0.3014227030534503 1.9670729919291385
0.3211041275830110 1.9668516625715433
0.3415977863526745 1.9666091920335429
0.3628221333797025 1.9663642149126805
0.3846858374277841 1.9661322663512468
0.4070903268440797 1.9659260403632408
0.4299319498985200 1.9657556009950403
0.4531036921506634 1.9656285637696491
0.4764964603917302 1.9655502485210645
0.4999999980478125 1.9655237971805053
0.5235035357470809 1.9655502485124448
0.5468963041152427 1.9656285637531903
0.5700680465743999 1.9657556009722410
0.5929096699071692 1.9659260403361836
0.6153141596633167 1.9661322663224186
0.6371778640993374 1.9663642148847116
0.6584022115485428 1.9666091920089219
0.6788958707587772 1.9668516625522754
0.6985772957322783 1.9670729919163961
0.7173775283566695 1.9672510943539583
0.7352430871719073 1.9673598961371219
0.7521387846565474 1.9673684519449870
0.2500000000000000 2.0000000000000000
0.2665973307130113 1.9999999988434147
0.2842052367159740 1.9999999976969305
0.3027791347161329 1.9999999965717747
0.3222588819394761 1.9999999954842222
0.3425706157494213 1.9999999944530911
0.3636290161180375 1.9999999935002257
0.3853397012439094 1.9999999926468759
0.4076015076759807 1.9999999919150619
0.4303084796654750 1.9999999913231987
0.4533514768664013 1.9999999908884651
0.4766193877078156 1.9999999906221160
0.4999999980698419 1.9999999905328345
0.5233806084744153 1.9999999906221380
0.5466485194426721 1.9999999908885069
0.5696915168490887 1.9999999913232569
0.5923984891156405 1.9999999919151337
0.6146602958850450 1.9999999926469545
0.6363709813963497 1.9999999935003068
0.6574293821834274 1.9999999944531677
0.6777411164299216 1.9999999954842897
0.6972208640919799 1.9999999965718285
0.7157947625185802 1.9999999976969678
0.7334026689223896 1.9999999988434338
0.7500000000000000 2.0000000000000000
0.2478612153434526 2.0326315480550128
0.2647569127169354 2.0326401015606641
0.2826224713099779 2.0327489010496800
0.3014227036233801 2.0329270012289711
0.3211041282192452 2.0331483284055700
0.3415977870081299 2.0333907968743810
0.3628221340146366 2.0336357720805180
0.3846858380090895 2.0338677189278456
0.4070903273449629 2.0340739434439450
0.4299319502979709 2.0342443816232314
0.4531036924332134 2.0343714179735608
0.4764964605470655 2.0344497326876727
0.4999999980706332 2.0344761838476031
0.5235035356369581 2.0344497326962361
0.5468963038766383 2.0343714179899126
0.5700680462168168 2.0342443816458822
0.5929096694453289 2.0340739434708257
0.6153141591175504 2.0338677189564871
0.6371778634958561 2.0336357721083078
0.6584022109199644 2.0333907968988485
0.6788958701444617 2.0331483284247254
0.6985772951790222 2.0329270012416534
0.7173775279193999 2.0327489010559163
0.7352430869151171 2.0326401015620323
0.7521387846565474 2.0326315480550128
0.2414814565722671 2.0647047612756300
0.2592686994073003 2.0648745254265379
0.2779032258963323 2.0652139121054631
0.2973786358721483 2.0656675660663555
0.3176615755923330 2.0661880968751629
0.3386977860200480 2.0667349288006593
0.3604169860157411 2.0672735951563728
0.3827369380883909 2.0677752535015284
0.4055667991356195 2.0682162959202648
0.4288097937537132 2.0685779983197072
0.4523652571446916 2.0688461968948797
0.4761301272647219 2.0690110036968417
0.4999999980512002 2.0690665822820433
0.5238698688798127 2.0690110037147158
0.5476347391255197 2.0688461969290866
0.5711902027202611 2.0685779983672936
0.5944331976134443 2.0682162959770878
0.6172630589962043 2.0677752535626430
0.6395830114531524 2.0672735952164665
0.6613022118673857 2.0667349288546446
0.6823384227335625 2.0661880969187871
0.7026213628968992 2.0656675660968866
0.7220967733069872 2.0652139121223545
0.7407313002092762 2.0648745254320926
0.7585185434277328 2.0647047612756300
0.2309698831278217 2.0956708580912724
0.2502325050352901 2.0963128869292018
0.2701358513644153 2.0971283557562868
0.2907239763750743 2.0980524458593139
0.3119977170053505 2.0990268857977168
0.3339273379349698 2.1000003170485582
0.3564611833561279 2.1009283659117890
0.3795320056736880 2.1017735506295523
0.4030617040331556 2.1025050537086707
0.4269648548437017 2.1030983954814393
0.4511512872124588 2.1035350602769167
0.4755279119444947 2.1038021324967882
0.4999999980124851 2.1038919952532962
0.5244720841228226 2.1038021325255203
0.5488487089795553 2.1035350603320992
0.5730351415517752 2.1030983955586624
0.5969382926365576 2.1025050538017482
0.6204679913320864 2.1017735507309743
0.6435388140350653 2.1009283660134095
0.6660726598782729 2.1000003171423258
0.6880022812519291 2.0990268858765906
0.7092760223345959 2.0980524459181549
0.7298641477927835 2.0971283557927820
0.7497674945542804 2.0963128869446619
0.7690301168721783 2.0956708580912724
0.2165063509461097 2.1250000000000000
0.2378173750417681 2.1265969903058939
0.2594719481500578 2.1282617313222310
0.2815919583526686 2.1299481676752907
0.3042281058012951 2.1316054523169781
0.3273853150072394 2.1331844372091160
0.3510378415143559 2.1346405962414670
0.3751391684910532 2.1359353695228696
0.3996288026270589 2.1370366528259068
0.4244370180170774 2.1379188023653977
0.4494881621084547 2.1385623883810339
0.4747029405594203 2.1389538591862070
0.4999999979570862 2.1390852283648090
0.5252970553964160 2.1389538592279651
0.5505118339718608 2.1385623884615548
0.5755629782655477 2.1379188024788984
0.6003711939298076 2.1370366529641553
0.6248608284021491 2.1359353696757961
0.6489621557669357 2.1346405963978574
0.6726146827007955 2.1331844373575706
0.6957718923594598 2.1316054524468839
0.7184080402733559 2.1299481677779331
0.7405280509425356 2.1282617313917367
0.7621826245098702 2.1265969903399680
0.7834936490538902 2.1250000000000000
0.1983383350728088 2.1521903572521799
0.2222667507347444 2.1554222839270341
0.2461338476503526 2.1584435000312596
0.2701798940465079 2.1612794642306206
0.2945248265254841 2.1639173196764210
0.3192193803355018 2.1663305932567294
0.3442712120920375 2.1684894276478675
0.3696602470439075 2.1703653773498459
0.3953483687813690 2.1719336294299749
0.4212857690350886 2.1731738985947233
0.4474151843347064 2.1740706436133901
0.4736747553627395 2.1746129730787223
0.4999999978875801 2.1747944574558433
0.5263252404542196 2.1746129731360244
0.5525848116054725 2.1740706437243782
0.5787142271068567 2.1731738987523248
0.6046516276339006 2.1719336296240801
0.6303397497087551 2.1703653775678089
0.6557287850512604 2.1684894278753348
0.6807806172409078 2.1663305934784716
0.7054751715139289 2.1639173198774495
0.7298201044745762 2.1612794643971398
0.7538661513607711 2.1584435001515563
0.7777332487689018 2.1554222839916077
0.8016616649271913 2.1521903572521803
0.1767766952966369 2.1767766952966370
0.2039075841846026 2.1825691409361090
0.2304263493536411 2.1875967212416487
0.2567608294868836 2.1920593680829219
0.2831270320876882 2.1960334830240034
0.3096349790145368 2.1995470293496093
0.3363340155879170 2.2026066816749488
0.3632364950845193 2.2052099730480927
0.3903314904664708 2.2073511244286452
0.4175932313762476 2.2090238666645363
0.4449865079155870 2.2102227561472798
0.4724702494365033 2.2109437357816670
0.4999999978083194 2.2111843374465123
0.5275297462210575 2.2109437358570370
0.5550134878645522 2.2102227562938714
0.5824067646038535 2.2090238668742468
0.6096685057863992 2.2073511246896684
0.6367635015057197 2.2052099733454944
0.6636659813960716 2.2026066819911918
0.6903650184087713 2.1995470296654549
0.7168729658104794 2.1960334833192183
0.7432391689111040 2.1920593683371439
0.7695736495614991 2.1875967214345717
0.7960924152616754 2.1825691410464856
0.8232233047033630 2.1767766952966370
0.1521903572521802 2.1983383350728087
0.1831652683980958 2.2079524724413475
0.2127534459487999 2.2157885248007081
0.2416987665615567 2.2224314822678988
0.2703536788635456 2.2281346654654719
0.2989054004471860 2.2330299148160999
0.3274550387287249 2.2371922060594631
0.3560541142742146 2.2406667721931384
0.3847239181750163 2.2434821070422672
0.4134667185761753 2.2456566743118924
0.4422726811815484 2.2472025154600215
0.4711243908039054 2.2481272238015104
0.4999999977236094 2.2484350096163208
0.5288756046841847 2.2481272238969709
0.5577273144271977 2.2472025156464639
0.5865332772310585 2.2456566745804278
0.6152760779028776 2.2434821073798985
0.6439458821409971 2.2406667725829674
0.6725449580819214 2.2371922064812484
0.7010945968090468 2.2330299152465423
0.7296463188788301 2.2281346658787817
0.7583012316997833 2.2224314826357161
0.7872465528582059 2.2157885250914289
0.8168347309822310 2.2079524726164732
0.8478096427478198 2.1983383350728087
0.1250000000000001 2.2165063509461098
0.1605880597588212 2.2317038805412293
0.1936416952973546 2.2433069358370017
0.2254671337597201 2.2527286165568672
0.2566167233177155 2.2605517185755750
0.2873804443651231 2.2670890297572197
0.3179243709285626 2.2725288613042784
0.3483471344861591 2.2769923117502997
0.3787074670366275 2.2805603610278538
0.4090393020995736 2.2832881361486321
0.4393608123932682 2.2852129210527816
0.4696802450646550 2.2863587961343597
0.4999999976394647 2.2867392978646910
0.5303197502539924 2.2863587962509277
0.5606391830447073 2.2852129212812606
0.5909606935338664 2.2832881364798210
0.6212925288653491 2.2805603614480039
0.6516528617511360 2.2769923122413864
0.6820756257051952 2.2725288618439254
0.7126195527183388 2.2670890303188931
0.7433832742621627 2.2605517191280451
0.7745328643565802 2.2527286170633900
0.8063583033927746 2.2433069362523002
0.8394119395475566 2.2317038808037037
0.8749999999999999 2.2165063509461094
0.0956708580912724 2.2309698831278215
0.1368899593014254 2.2543141756660394
0.1737748460535843 2.2707784784238072
0.2086701780120537 2.2835497066774328
0.2424314920729883 2.2938097693474022
0.2754893812212422 2.3021701261363883
0.3080921390528122 2.3089918492889945
0.3403942141969502 2.3145041695762960
0.3724963540745437 2.3188588984726954
0.4044665568840884 2.3221585744726974
0.4363522045653565 2.3244720978671611
0.4681877429070584 2.3258437380453607
0.4999999975614071 2.3262982885826671
0.5318122522552456 2.3258437381824781
0.5636477907136642 2.3244720981368072
0.5955334385878098 2.3221585748656439
0.6275036416620255 2.3188588989751899
0.6596057818725428 2.3145041701698386
0.6919078574116796 2.3089918499503588
0.7245106156954054 2.3021701268368688
0.7575685053468438 2.2938097700519262
0.7913298199586117 2.2835497073416962
0.8262251525151317 2.2707784789885852
0.8631100399241607 2.2543141760412309
0.9043291419087274 2.2309698831278215
0.0647047612756302 2.2414814565722669
0.1130410045962450 2.2769087829990187
0.1540506616201406 2.2993503265677515
0.1920641316818821 2.3158469799225490
0.2284162172762268 2.3286593149355088
0.2637303678153542 2.3388590128128373
0.2983547139365985 2.3470419328875431
0.3325052244160490 2.3535710940077164
0.3663258153799392 2.3586802697455571
0.3999178703781009 2.3625243668160731
0.4333565539187065 2.3652061203889447
0.4667007882672834 2.3667909620885723
0.4999999974960361 2.3673153384860579
0.5332992067629774 2.3667909622438064
0.5666434412265917 2.3652061206949582
0.6000821249562593 2.3625243672640002
0.6336741802156879 2.3586802703219285
0.6674947715083435 2.3535710946944821
0.7016452823806011 2.3470419336614463
0.7362696289533178 2.3388590136448828
0.7715837799992710 2.3286593157888618
0.8079358661530139 2.3158469807488924
0.8459493368301855 2.2993503272972089
0.8869589945437301 2.2769087835121455
0.9352952387243698 2.2414814565722669
0.0326315480550130 2.2478612153434527
0.0905192344974604 2.3019115831263171
0.1356716098332826 2.3309552443832136
0.1765556864260844 2.3509711456166515
0.2152593862531454 2.3660483251136344
0.2526328155789891 2.3778394268220895
0.2891212062344260 2.3871878761725869
0.3249942555981576 2.3945840927151694
0.3604316538514660 2.4003356325085865
0.3955619047459763 2.4046431159334527
0.4304826654241393 2.4076383221842836
0.4652727410588158 2.4094046855155269
0.4999999974483883 2.4099885200326274
0.5347272538759799 2.4094046856844691
0.5695173296231111 2.4076383225179305
0.6044380904877316 2.4046431164232218
0.6395683416392518 2.4003356331415913
0.6750057402179587 2.3945840934738012
0.7108787899709055 2.3871878770343335
0.7473671810764684 2.3778394277583290
0.7847406109093938 2.3660483260881211
0.8234443112997866 2.3509711465809637
0.8643283885156157 2.3309552452660145
0.9094807645582552 2.3019115837922564
0.9673684519449869 2.2478612153434527
0.0000000000000000 2.2500000000000000
0.0722497569313195 2.3352648048848690
0.1201503436645145 2.3683956121817933
0.1630817128083523 2.3904691937096860
0.2036125817934175 2.4069463662757045
0.2426783677474149 2.4197730187492086
0.2807574328211595 2.4299089420583266
0.3181402377944632 2.4379069946913807
0.3550228600832641 2.4441131831572434
0.3915481640179220 2.4487532608054674
0.4278270635549373 2.4519756411646112
0.4639509734084377 2.4538743720248650
0.4999999974234606 2.4545016933455819
0.5360490214753667 2.4538743722015672
0.5721729314401799 2.4519756415138336
0.6084518311605709 2.4487532613188665
0.6449771353496702 2.4441131838220325
0.6818597579603141 2.4379069954902812
0.7192425633207501 2.4299089429687846
0.7573216288429747 2.4197730197427654
0.7963874153050183 2.4069463673157694
0.8369182848560993 2.3904691947481331
0.8798496546277833 2.3683956131493544
0.9277502420692929 2.3352648056577219
1.0000000000000000 2.2500000000000000
0.0000000000000000 2.3229166666666665
0.0609437796020774 2.3830973163133646
0.1084374230012549 2.4135256126583049
0.1522202457838969 2.4353129109820224
0.1938981705120074 2.4519909255632051
0.2341946711623103 2.4651207217758477
0.2735218303903713 2.4755570727795497
0.3121459216910279 2.4838195657288704
0.3502546063685157 2.4902435765805753
0.3879893764463956 2.4950521966881607
0.4254632969329569 2.4983939706062026
0.4627718026305384 2.5003638238336987
0.4999999974235429 2.5010147571701555
0.5372281922535416 2.5003638240113450
0.5745366980606353 2.4983939709572991
0.6120106187292209 2.4950521972041591
0.6497453890588619 2.4902435772485401
0.6878540740566281 2.4838195665309120
0.7264781657426540 2.4755570736924550
0.7658053254196339 2.4651207227695560
0.8061018265799423 2.4519909265989090
0.8477797518800072 2.4353129120070869
0.8915625753009512 2.4135256135959073
0.9390562194241127 2.3830973170309688
1.0000000000000000 2.3229166666666665
0.0000000000000000 2.3958333333333335
0.0533477068989250 2.4383193118112296
0.0999616466245347 2.4650934685176913
0.1439211080794071 2.4853335037007200
0.1861979252489986 2.5012715657596463
0.2272958814168771 2.5140361933960036
0.2675287641362007 2.5242958359095460
0.3071135644151469 2.5324794526466770
0.3462117152531830 2.5388748574151845
0.3849504318715368 2.5436789171950620
0.4234351001614122 2.5470253493412436
0.4617572166878278 2.5490007834530921
0.4999999974501623 2.5496540071168088
0.5382427782486003 2.5490007836249884
0.5765648948840941 2.5470253496806392
0.6150495633540259 2.5436789176931347
0.6537882802229871 2.5388748580583096
0.6928864313793270 2.5324794534162143
0.7324712320431397 2.5242958367808210
0.7727041152111294 2.5140361943373293
0.8138020718910070 2.5012715667295993
0.8560788896357854 2.4853335046440228
0.9000383517340925 2.4650934693552111
0.9466522921864992 2.4383193124151044
1.0000000000000000 2.3958333333333335
0.0000000000000000 2.4687500000000000
0.0486861236288631 2.4994632053388273
0.0941578774633191 2.5220367476727716
0.1378771468310082 2.5399722919433705
0.1803604301080285 2.5545256357909238
0.2219167042431555 2.5664169867101743
0.2627590752297770 2.5761093188209427
0.3030472733541913 2.5839180368549064
0.3429081460801765 2.5900644709040455
0.3824470983837481 2.5947051926712774
0.4217552275931190 2.5979492179126158
0.4609142154344651 2.5998684167040600
0.4999999975019251 2.6005037176876433
0.5390857796056843 2.5998684168644175
0.5782447675545880 2.5979492182287882
0.6175528969430001 2.5947051931340011
0.6570918494947912 2.5900644714992240
0.6969527225374822 2.5839180375629769
0.7372409210443486 2.5761093196164060
0.7780832924782336 2.5664169875600811
0.8196395671234580 2.5545256366531643
0.8621228509740477 2.5399722927626485
0.9058421209810904 2.5220367483737447
0.9513138755309268 2.4994632058087247
1.0000000000000000 2.4687500000000000
0.0000000000000000 2.5416666666666665
0.0459342915306013 2.5645531871572995
0.0903263045279374 2.5830716916990828
0.1336350773226707 2.5984429853321696
0.1760948232638179 2.6112804172134814
0.2178716672677384 2.6219860923811766
0.2590956120941645 2.6308433863675833
0.2998741636360782 2.6380589377717545
0.3402995913096646 2.6437854108503447
0.3804534220770703 2.6481350948649309
0.4204095570305756 2.6511884713618339
0.4602366392816904 2.6529997014502786
0.4999999975770186 2.6536000386373688
0.5397633559076637 2.6529997015948714
0.5795904382654908 2.6511884716463467
0.6195465733953232 2.6481350952799874
0.6597004044084137 2.6437854113815202
0.7001258323945024 2.6380589383994044
0.7409043843147384 2.6308433870660282
0.7821283295825809 2.6219860931180681
0.8239051740899647 2.6112804179480698
0.8663649205948865 2.5984429860132510
0.9096736940144066 2.5830716922605128
0.9540657077005534 2.5645531875096821
1.0000000000000000 2.5416666666666665
0.0000000000000000 2.6145833333333335
0.0443019606055538 2.6320607331699608
0.0878396834995885 2.6470567062960439
0.1307315052218219 2.6599500165268908
0.1730655920809310 2.6709934719091679
0.2149201887377535 2.6803791003148563
0.2563672583272258 2.6882573059360935
0.2974738679280460 2.6947467966399170
0.3383030091994240 2.6999407118418408
0.3789142820732687 2.7039107579361157
0.4193645580977575 2.7067101049137019
0.4597086510985872 2.7083754082763996
0.4999999976715352 2.7089281503333691
0.5402913442796281 2.7083754084027314
0.5806354373846467 2.7067101051617835
0.6210857135825492 2.7039107582966619
0.6616969866968253 2.6999407123008345
0.7025261282748290 2.6947467971782220
0.7436327382455656 2.6882573065293149
0.7850798082666417 2.6803791009326092
0.8269344054135813 2.6709934725146174
0.8692684928193531 2.6599500170754400
0.9121603151420218 2.6470567067339692
0.9556980386888679 2.6320607334314303
1.0000000000000000 2.6145833333333335
0.0000000000000000 2.6875000000000000
0.0433138744927484 2.7010676462124579
0.0862350931613779 2.7131485765700947
0.1287761707894299 2.7238185800188277
0.1709603639331441 2.7331503261057506
0.2128188849547115 2.7412129468793482
0.2543880125338626 2.7480697217224614
0.2957070279681953 2.7537765242441510
0.3368168391718939 2.7583809651399940
0.3777591156901738 2.7619220070821848
0.4185757873658283 2.7644298585313929
0.4593087935734004 2.7659260069977170
0.4999999977820801 2.7664232987256097
0.5406912020244734 2.7659260071049960
0.5814242083338351 2.7644298587415808
0.6222408801776049 2.7619220073865627
0.6631831569298324 2.7583809655253595
0.7042929684305788 2.7537765246928778
0.7456119842234543 2.7480697222122368
0.7871811122190930 2.7412129473832643
0.8290396337124244 2.7331503265919816
0.8712238273789302 2.7238185804507595
0.9137649055770209 2.7131485769060970
0.9566861248578998 2.7010676464061252
1.0000000000000000 2.6875000000000000
0.0000000000000000 2.7604166666666670
0.0427044648166253 2.7710577314908647
0.0852008588724398 2.7807701963921176
0.1274736210277703 2.7895232605539944
0.1695211864218777 2.7973072740843996
0.2113524051773645 2.8041260027255732
0.2529836940169234 2.8099909508576020
0.2944368628334992 2.8149173382460813
0.3357374916321763 2.8189212948908757
0.3769137397697551 2.8220179371634226
0.4179954839908459 2.8242200741495438
0.4590136976732758 2.8255373626223665
0.4999999979042110 2.8259757842537097
0.5409862981680695 2.8255373627111378
0.5820045119480937 2.8242200743231298
0.6230862563314049 2.8220179374138841
0.6642625046934997 2.8189212952064082
0.7055631337776813 2.8149173386109680
0.7470163029373387 2.8099909512524723
0.7886475921749381 2.8041260031274144
0.8304788113789540 2.7973072744670238
0.8725263772680112 2.7895232608883189
0.9147991399590306 2.7807701966470253
0.9572955345853840 2.7710577316341398
1.0000000000000000 2.7604166666666670
0.0000000000000000 2.8333333333333335
0.0423236617707144 2.8417311315244542
0.0845343026385525 2.8495304898892209
0.1266126967628200 2.8566671018087693
0.1685499222605796 2.8630977331438925
0.2103455082020649 2.8687947756614043
0.2520057308070991 2.8737418232203722
0.2935421312068355 2.8779301800572457
0.3349702707510790 2.8813561691718297
0.3763087090294303 2.8840191044108261
0.4175781739054235 2.8859198023349970
0.4588008859874406 2.8870595304601370
0.4999999980346952 2.8874393119489410
0.5411991101129375 2.8870595305319249
0.5824218222884128 2.8859198024750903
0.6236912873185667 2.8840191046123342
0.6650297258109465 2.8813561694244973
0.7064578656260976 2.8779301803477053
0.7479942663513911 2.8737418235322747
0.7896544893324399 2.8687947759758954
0.8314500756966645 2.8630977334399672
0.8733873016584314 2.8566671020640735
0.9154656962825353 2.8495304900808374
0.9576763376791124 2.8417311316302185
1.0000000000000000 2.8333333333333335
0.0000000000000000 2.9062500000000000
0.0420837412802878 2.9129017390713403
0.0841048405221785 2.9191583852986249
0.1260471619481324 2.9249500041749239
0.1679012024531789 2.9302230060269441
0.2096633967168692 2.9349372056341418
0.2513352951417523 2.9390631098420634
0.2929227197982843 2.9425795470018832
0.3344349591545117 2.9454716781461561
0.3758840311649821 2.9477293871360195
0.4172840233239661 2.9493460254551476
0.4586505048741252 2.9503174796892826
0.4999999981699007 2.9506415307076144
0.5413494914953263 2.9503174797461429
0.5827159731333423 2.9493460255659336
0.6241159654381288 2.9477293872949017
0.6655650376499491 2.9454716783445978
0.7070772772613998 2.9425795472287826
0.7486647022233619 2.9390631100841551
0.7903366010007219 2.9349372058763019
0.8320987956590036 2.9302230062528465
0.8739528365960146 2.9249500043676235
0.9158951584850700 2.9191583854415177
0.9579162582147718 2.9129017391491341
1.0000000000000000 2.9062500000000000
0.0000000000000000 2.9791666666666670
0.0419318355699092 2.9844460704944953
0.0838283521671315 2.9894594570389410
0.1256775753496691 2.9941417412136873
0.1674716000894121 2.9984396198696914
0.2092064421969292 3.0023102048048540
0.2508817131134404 3.0057195673345558
0.2925001938493135 3.0086413283247593
0.3340673619653237 3.0110553769733519
0.3755909067868865 3.0129467650909110
0.4170802532308436 3.0143047992152439
0.4585461035328443 3.0151223379499323
0.4999999983075903 3.0153952940756619
0.5414538931097216 3.0151223379941445
0.5829197434942366 3.0143047993012497
0.6244090900741287 3.0129467652139672
0.6659326350840087 3.0110553771264983
0.7074998034377077 3.0086413284991105
0.7491182844581572 3.0057195675195389
0.7907935557018629 3.0023102049887083
0.8325283981752227 2.9984396200398913
0.8743224233139678 2.9941417413576463
0.9161716469232000 2.9894594571446667
0.9580681639681722 2.9844460705514626
1.0000000000000000 2.9791666666666670
0.0000000000000000 3.0520833333333335
0.0418353844074743 3.0562774737258782
0.0836505526779173 3.0602894486422789
0.1254371131013480 3.0640624839522554
0.1671891257413131 3.0675480865278346
0.2089031633195784 3.0707055379323651
0.2505782247048448 3.0735012192858231
0.2922155438864740 3.0759078671959275
0.3338183299056747 3.0779038352269974
0.3753914648806354 3.0794724134188334
0.4169411793459402 3.0806012408796617
0.4584747173584704 3.0812818335459200
0.4999999984453428 3.0815092401542024
0.5415252795579264 3.0812818335797152
0.5830588176466123 3.0806012409453301
0.6246085322381376 3.0794724135125855
0.6661816673870959 3.0779038353433492
0.7077844536262997 3.0759078673278797
0.7494217730703985 3.0735012194252036
0.7910968347574233 3.0707055380701394
0.8328108726720213 3.0675480866546114
0.8745628856783350 3.0640624840587432
0.9163494464923518 3.0602894487199057
0.9581646151717819 3.0562774737673628
1.0000000000000000 3.0520833333333335
0.0000000000000000 3.1250000000000000
0.0417740497154810 3.1283324723804173
0.0835363697255834 3.1315382877766997
0.1252812622721305 3.1345695519061558
0.1670044987916923 3.1373841495340997
0.2087034373551202 3.1399456765343876
0.2503770349805191 3.1422232102574221
0.2920257759006019 3.1441909824476819
0.3336515359746187 3.1458280085492523
0.3752574008416484 3.1471177161396144
0.4168474521213437 3.1480476049126485
0.4584265326240478 3.1486089617011044
0.4999999985819777 3.1487966467631638
0.5415734645632363 3.1486089617265351
0.5831525451361863 3.1480476049620059
0.6247425965314949 3.1471177162099671
0.6663484615584391 3.1458280086363439
0.7079742218338906 3.1441909825461587
0.7496229629945302 3.1422232103610424
0.7912965608956809 3.1399456766363802
0.8329954997663614 3.1373841496274788
0.8747187366197260 3.1345695519841676
0.9164636295217381 3.1315382878332247
0.9582259499031819 3.1283324724104378
1.0000000000000000 3.1250000000000000
0.0000000000000000 3.1979166666666670
0.0417350163490764 3.2005630997199361
0.0834631425066388 3.2031202297741777
0.1251805839909285 3.2055484489595276
0.1668844273245517 3.2078121864232316
0.2085727540156780 3.2098800465692561
0.2502446845915205 3.2117248168107815
0.2919003618080101 3.2133233833905308
0.3335408834441918 3.2146565905690463
0.3751681950474166 3.2157090736668450
0.4167849521293494 3.2164690909763216
0.4583943600752752 3.2169283741382095
0.4999999987161318 3.2170820114706520
0.5416056373784963 3.2169283741570540
0.5832150453881076 3.2164690910128688
0.6248318025755020 3.2157090737188563
0.6664591143239310 3.2146565906333127
0.7080996361434071 3.2133233834630084
0.7497553135781321 3.2117248168868224
0.7914272444042787 3.2098800466438298
0.8331155713736316 3.2078121864912421
0.8748194150094016 3.2055484490160935
0.9165368568147849 3.2031202298149730
0.9582649833074227 3.2005630997414918
1.0000000000000000 3.1979166666666670
0.0000000000000000 3.2708333333333335
0.0417101673924589 3.2729323186061152
0.0834162420269369 3.2749675263800344
0.1251157287474150 3.2769066345216618
0.1668066626526879 3.2787201550474738
0.2084877011239984 3.2803816550612122
0.2501581708955060 3.2818678795421139
0.2918180734200829 3.2831587980994308
0.3334680534385237 3.2842375975526465
0.3751093364679584 3.2850906404790154
0.4167436411337523 3.2857074072866337
0.4583730720822314 3.2860804362776803
0.4999999988474186 3.2862052729254465
0.5416269256317620 3.2860804362914311
0.5832563566378984 3.2857074073132790
0.6248906613985274 3.2850906405168967
0.6665319445590052 3.2842375975993736
0.7081819247423012 3.2831587981520256
0.7498418274634372 3.2818678795971521
0.7915122974598412 3.2803816551150398
0.8331933361812104 3.2787201550964036
0.8748842703575165 3.2769066345622182
0.9165837573658950 3.2749675264091715
0.9582898323003387 3.2729323186214510
1.0000000000000000 3.2708333333333335
0.0000000000000000 3.3437500000000000
0.0416943464961014 3.3454111066520111
0.0833862376315058 3.3470261448715664
0.1250740469312961 3.3485690043966096
0.1667564686897184 3.3500155782477830
0.2084325862185942 3.3513440026077137
0.2501019117072701 3.3525348252873086
0.2917643983491950 3.3535711149518685
0.3334204267935202 3.3544385240245274
0.3750707689217949 3.3551253178972704
0.4167165324952359 3.3556223819807158
0.4583590904860101 3.3559232165141686
0.4999999989752264 3.3560239270688181
0.5416409074817460 3.3559232165240345
0.5832834655237442 3.3556223819998263
0.6249292291819650 3.3551253179244109
0.6665795714268791 3.3544385240579637
0.7082356000182904 3.3535711149894372
0.7498980868351229 3.3525348253265497
0.7915674125241162 3.3513440026460004
0.8332435302752891 3.3500155782825010
0.8749259522746835 3.3485690044253027
0.9166137618300574 3.3470261448921210
0.9583056532316264 3.3454111066627954
1.0000000000000000 3.3437500000000000
0.0000000000000000 3.4166666666666670
0.0416842727565734 3.4179764862112996
0.0833670596988290 3.4192527173687193
0.1250473073231220 3.4204744585730142
0.1667241572282477 3.4216222344047811
0.2083969943597625 3.4226782229752302
0.2500654774891318 3.4236264322052739
0.2917295515810988 3.4244528313225531
0.3333894427480728 3.4251454448692651
0.3750456372879488 3.4256944167524379
0.4166988468821131 3.4260920515440141
0.4583499624122396 3.4263328394299566
0.4999999990996671 3.4264134700933027
0.5416500358021513 3.4263328394369004
0.5833011513775855 3.4260920515574589
0.6249543610462424 3.4256944167715173
0.6666105556889900 3.4251454448927467
0.7082704469852761 3.4244528313489040
0.7499345212312741 3.4236264322327510
0.7916030045366809 3.4226782230019945
0.8332758418636782 3.4216222344289964
0.8749526919803837 3.4204744585929863
0.9166329398290821 3.4192527173829914
0.9583157270047691 3.4179764862187691
1.0000000000000000 3.4166666666666670
0.0000000000000000 3.4895833333333335
0.0416778567426499 3.4906101208266542
0.0833548079273862 3.4916122636491331
0.1250301746142407 3.4925731920373626
0.1667033971322062 3.4934773575889007
0.2083740681636325 3.4943104340118518
0.2500419547574108 3.4950594816032301
0.2917070086512597 3.4957130784531230
0.3333693650036220 3.4962614222305475
0.3750293302465151 3.4966964068246220
0.4166873602521625 3.4970116781051508
0.4583440303786228 3.4972026727398200
0.4999999992206103 3.4972666433818458
0.5416559680758207 3.4972026727445940
0.5833126382414213 3.4970116781143887
0.6249706683118273 3.4966964068377235
0.6666306336437733 3.4962614222466581
0.7082929901083655 3.4957130784711832
0.7499580441355711 3.4950594816220391
0.7916259308819453 3.4943104340301439
0.8332966020825415 3.4934773576054261
0.8749698247836872 3.4925731920509664
0.9166451916645967 3.4916122636588369
0.9583221430511645 3.4906101208317240
1.0000000000000000 3.4895833333333335
0.0000000000000000 3.5625000000000000
0.0416737669443279 3.5632972713586160
0.0833469791115471 3.5640764280727710
0.1250192010609707 3.5648244960657585
0.1666900705435171 3.5655292348179519
0.2083593207091113 3.5661793063821490
0.2500267954319481 3.5667644188020908
0.2916924571496106 3.5672754450920530
0.3333563870967921 3.5677045196327146
0.3750187782445460 3.5680451142331804
0.4166799216283858 3.5682920962519837
0.4583401870456425 3.5684417710552170
0.4999999993384426 3.5684919107994748
0.5416598116423476 3.5684417710583967
0.5833200770930167 3.5682920962581353
0.6249812205317775 3.5680451142419014
0.6666436117553484 3.5677045196434309
0.7083075417977874 3.5672754451040549
0.7499732036288511 3.5667644188145786
0.7916406784812011 3.5661793063942802
0.8333099287905033 3.5655292348288965
0.8749807984284576 3.5648244960747562
0.9166530205425555 3.5640764280791797
0.9583262328809005 3.5632972713619586
1.0000000000000000 3.5625000000000000
0.0000000000000000 3.6354166666666670
0.0416711540129639 3.6360259932019776
0.0833419674743697 3.6366220771091355
0.1250121628826717 3.6371949407633242
0.1666815077030182 3.6377351316704534
0.2083498290107413 3.6382338591610481
0.2500170238685626 3.6386831131484483
0.2916830649495694 3.6390757651695513
0.3333480012305846 3.6394056524361686
0.3750119538787740 3.6396676459703965
0.4166751077166408 3.6398577040554181
0.4583376988789039 3.6399729122496405
0.4999999994533277 3.6400115110736819
0.5416623000370531 3.6399729122516664
0.5833248912268462 3.6398577040593367
0.6249880451102542 3.6396676459759489
0.6666519978210519 3.6394056524429885
0.7083169341809403 3.6390757651771835
0.7499829753556260 3.6386831131563837
0.7916501703205848 3.6382338591687504
0.8333184917470097 3.6377351316773949
0.8749878366958035 3.6371949407690249
0.9166580322400789 3.6366220771131914
0.9583288458427963 3.6360259932040910
1.0000000000000000 3.6354166666666670
0.0000000000000000 3.7083333333333335
0.0416694749184228 3.7087865024382300
0.0833387417316308 3.7092301607956495
0.1250076256463918 3.7096568537556869
0.1666759793573001 3.7100594970824292
0.2083436925101989 3.7104314827443288
0.2500106985424677 3.7107667723330007
0.2916769785396065 3.7110599778981763
0.3333425619492252 3.7113064303576451
0.3750075241876515 3.7115022358959551
0.4166719813578219 3.7116443209247043
0.4583360824542851 3.7117304662216761
0.4999999995657824 3.7117593308355281
0.5416639166845849 3.7117304662228818
0.5833280178030255 3.7116443209270367
0.6249924750093159 3.7115022358992595
0.6666574372975936 3.7113064303617014
0.7083230207698292 3.7110599779027158
0.7499893008414859 3.7107667723377165
0.7916563069588249 3.7104314827489016
0.8333240202060751 3.7100594970865490
0.8749923740189635 3.7096568537590677
0.9166612580417254 3.7092301607980525
0.9583305249670976 3.7087865024394797
1.0000000000000000 3.7083333333333335
0.0000000000000000 3.7812500000000000
0.0416683804708594 3.7815706639644584
0.0833366363133759 3.7818847723698834
0.1250046603293518 3.7821870330228906
0.1666723617832244 3.7824724053758159
0.2083396723177663 3.7827361774742894
0.2500065502920910 3.7829740346679270
0.2916729832970780 3.7831821197482767
0.3333389887257007 3.7833570844218798
0.3750046124013246 3.7834961322154168
0.4166699253836406 3.7835970530258090
0.4583350191797951 3.7836582495920483
0.4999999996761489 3.7836787561623719
0.5416649801780222 3.7836582495926887
0.5833300739905117 3.7835970530270489
0.6249953869998470 3.7834961322171727
0.6666610107126096 3.7833570844240372
0.7083270161880098 3.7831821197506885
0.7499934492485405 3.7829740346704326
0.7916603272863698 3.7827361774767176
0.8333276378912463 3.7824724053780017
0.8749953394211993 3.7821870330246847
0.9166633635176790 3.7818847723711553
0.9583316194438225 3.7815706639651214
1.0000000000000000 3.7812500000000000
0.0000000000000000 3.8541666666666670
0.0416676429304867 3.8543715687979860
0.0833352158455971 3.8545723576512061
0.1250026574652950 3.8547656441754272
0.1666699157575312 3.8549481955459113
0.2083369513654035 3.8551169852253997
0.2500037401460464 3.8552692379960285
0.2916702746705332 3.8554024696643827
0.3333365646054715 3.8555145212954818
0.3750026359687815 3.8556035879460184
0.4166685293234839 3.8556682419519190
0.4583342970364120 3.8557074508682097
0.4999999997849889 3.8557205901776856
0.5416657025371870 3.8557074508684841
0.5833314702610105 3.8556682419524515
0.6249973636336172 3.8556035879467734
0.6666634350216359 3.8555145212964050
0.7083297249876052 3.8554024696654174
0.7499962595490138 3.8552692379971001
0.7916630483717979 3.8551169852264406
0.8333300840263974 3.8549481955468474
0.8749973423691247 3.8547656441761942
0.9166647840422792 3.8545723576517510
0.9583323570128882 3.8543715687982680
1.0000000000000000 3.8541666666666670
0.0000000000000000 3.9270833333333335
0.0416671087476884 3.9271831760403511
0.0833341860618425 3.9272810358880434
0.1250012041340411 3.9273752594511069
0.1666681393072796 3.9274642681216099
0.2083349736437568 3.9275465827499896
0.2500016960932560 3.9276208459039075
0.2916683031912063 3.9276858415783402
0.3333347992472477 3.9277405122603515
0.3750011960189519 3.9277839733097055
0.4166675118975494 3.9278155246556161
0.4583337706632027 3.9278346598367131
0.4999999998927534 3.9278410724201884
0.5416662291241336 3.9278346598367824
0.5833324878952002 3.9278155246557493
0.6249988037827519 3.9277839733098938
0.6666652005667627 3.9277405122605833
0.7083316966383033 3.9276858415785987
0.7499983037546548 3.9276208459041748
0.7916650262251897 3.9275465827502489
0.8333318605849612 3.9274642681218421
0.8749987957833926 3.9273752594512983
0.9166658138822436 3.9272810358881798
0.9583328912240778 3.9271831760404226
1.0000000000000000 3.9270833333333335
0.0000000000000000 4.0000000000000000
0.0416666666666667 4.0000000000000000
0.0833333333333333 4.0000000000000000
0.1250000000000000 4.0000000000000000
0.1666666666666667 4.0000000000000000
0.2083333333333333 4.0000000000000000
0.2500000000000000 4.0000000000000000
0.2916666666666666 4.0000000000000000
0.3333333333333333 4.0000000000000000
0.3750000000000000 4.0000000000000000
0.4166666666666666 4.0000000000000000
0.4583333333333333 4.0000000000000000
0.5000000000000000 4.0000000000000000
0.5416666666666666 4.0000000000000000
0.5833333333333333 4.0000000000000000
0.6250000000000000 4.0000000000000000
0.6666666666666666 4.0000000000000000
0.7083333333333333 4.0000000000000000
0.7500000000000000 4.0000000000000000
0.7916666666666666 4.0000000000000000
0.8333333333333333 4.0000000000000000
0.8750000000000000 4.0000000000000000
0.9166666666666666 4.0000000000000000
0.9583333333333333 4.0000000000000000
1.0000000000000000 4.0000000000000000
