# step, loss_train, loss_test, metrics_test
0.000000000000000000e+00 6.776343536376953125e+01 3.613564968109130859e-01 4.457612792968750000e+03 7.248239964246749878e-02 7.561371803283691406e+00 4.342074966430664062e+01 1.780243664979934692e-01 2.992695236206054688e+01 8.994388580322265625e+01 6.094819307327270508e-01 3.785845458984375000e+03 6.699196249246597290e-02 6.618713855743408203e+00 4.342074966430664062e+01 1.780243664979934692e-01 2.992695236206054688e+01 4.807632827758789062e+01
1.000000000000000000e+03 2.071317430818453431e-04 1.452144788345322013e-04 1.266349339857697487e-03 3.990200534462928772e-02 7.452947320416569710e-04 1.919385686051100492e-04 2.391780493780970573e-03 1.731921546161174774e-02 6.479336298070847988e-04 3.541515034157782793e-04 2.757790731266140938e-03 4.121931269764900208e-02 1.258348021656274796e-02 1.919385686051100492e-04 2.391780493780970573e-03 1.731921546161174774e-02 9.533220529556274414e-01
2.000000000000000000e+03 1.423057692591100931e-04 7.942404481582343578e-04 8.043467532843351364e-04 8.019717060960829258e-04 4.096610471606254578e-02 2.932435891125351191e-04 3.780674887821078300e-04 4.636532627046108246e-03 4.024764930363744497e-04 9.287540451623499393e-04 1.363184186629951000e-03 1.007448416203260422e-03 3.455188870429992676e-02 2.932435891125351191e-04 3.780674887821078300e-04 4.636532627046108246e-03 9.614075422286987305e-01
3.000000000000000000e+03 1.463022636016830802e-04 1.256818068213760853e-04 7.033024448901414871e-04 6.408813351299613714e-05 3.852135560009628534e-04 3.858545096591114998e-05 3.303428820800036192e-04 3.229791065678000450e-03 4.437773604877293110e-04 3.104499191977083683e-04 1.320770359598100185e-03 8.317215542774647474e-05 5.335218156687915325e-04 3.858545096591114998e-05 3.303428820800036192e-04 3.229791065678000450e-03 9.507873058319091797e-01
4.000000000000000000e+03 1.606114965397864580e-04 4.951273876940831542e-05 6.775548681616783142e-04 1.833006172091700137e-05 7.688275072723627090e-04 3.447628478170372546e-05 2.449426683597266674e-04 2.108624437823891640e-03 5.160826840437948704e-04 1.786988141248002648e-04 1.074040774255990982e-03 2.333551310584880412e-05 8.033336489461362362e-04 3.447628478170372546e-05 2.449426683597266674e-04 2.108624437823891640e-03 9.507883191108703613e-01
5.000000000000000000e+03 1.964700932148844004e-04 1.955809784703887999e-05 3.047369653359055519e-03 1.512765356892487034e-05 7.003785576671361923e-04 4.050182906212285161e-05 1.571342727402225137e-04 1.775254728272557259e-03 4.097263154108077288e-04 1.026342579280026257e-04 2.274534199386835098e-03 2.493866850272752345e-05 6.914015393704175949e-04 4.050182906212285161e-05 1.571342727402225137e-04 1.775254728272557259e-03 9.509336948394775391e-01
6.000000000000000000e+03 1.712397643132135272e-04 9.213362500304356217e-05 1.407686155289411545e-03 2.505748489056713879e-05 3.730807511601597071e-04 1.343301555607467890e-04 7.305062899831682444e-05 2.133767353370785713e-03 3.082082548644393682e-04 1.021904681692831218e-04 1.523513696156442165e-03 2.838498039636760950e-05 4.533590108621865511e-04 1.343301555607467890e-04 7.305062899831682444e-05 2.133767353370785713e-03 9.507955908775329590e-01
7.000000000000000000e+03 9.760863758856430650e-05 1.788721419870853424e-05 2.069500274956226349e-03 1.459253599023213610e-05 1.383161521516740322e-03 7.320597433135844767e-06 2.436390423099510372e-05 9.728670120239257812e-04 1.471847645007073879e-04 5.964109732303768396e-05 2.057772362604737282e-03 2.185974153690040112e-05 1.162578701041638851e-03 7.320597433135844767e-06 2.436390423099510372e-05 9.728670120239257812e-04 9.508813619613647461e-01
8.000000000000000000e+03 3.346123776282183826e-05 5.136883555678650737e-05 2.173763350583612919e-04 1.554707159812096506e-05 2.381626050919294357e-03 3.117306332569569349e-04 1.846949089667759836e-05 1.125902519561350346e-03 8.870025340002030134e-05 1.027483667712658644e-04 3.568552492652088404e-04 1.919124588312115520e-05 2.108704997226595879e-03 3.117306332569569349e-04 1.846949089667759836e-05 1.125902519561350346e-03 9.516086578369140625e-01
9.000000000000000000e+03 2.922605199273675680e-05 4.279026597941992804e-06 1.073804814950563014e-04 1.793319279386196285e-05 1.715780526865273714e-04 9.322736150352284312e-05 1.334151329501764849e-05 1.165056484751403332e-03 7.301237201318144798e-05 3.825120074907317758e-05 1.724944595480337739e-04 2.161688098567537963e-05 1.986421557376161218e-04 9.322736150352284312e-05 1.334151329501764849e-05 1.165056484751403332e-03 9.498435258865356445e-01
1.000000000000000000e+04 3.435647886362858117e-05 8.847076060192193836e-06 1.375730615109205246e-03 1.736253034323453903e-05 2.562196459621191025e-04 2.426885657769162208e-05 7.844028004910796881e-06 1.644116477109491825e-03 9.354938083561137319e-05 3.489845767035149038e-05 1.286686514504253864e-03 2.112601941917091608e-05 2.299250045325607061e-04 2.426885657769162208e-05 7.844028004910796881e-06 1.644116477109491825e-03 9.505607485771179199e-01
1.100000000000000000e+04 1.444483405066421255e-05 2.332097437829361297e-06 9.946993668563663960e-05 1.755859557306393981e-05 6.289618613664060831e-05 8.879620145307853818e-05 7.661349627596791834e-06 5.498004145920276642e-03 3.623759766924194992e-05 1.977763167815282941e-05 1.172096235677599907e-04 2.263311034766957164e-05 8.384948159800842404e-05 8.879620145307853818e-05 7.661349627596791834e-06 5.498004145920276642e-03 9.504151940345764160e-01
1.200000000000000000e+04 6.672743620583787560e-05 4.331536547397263348e-05 6.888417992740869522e-04 5.261336918920278549e-04 6.930243689566850662e-04 7.238619582494720817e-05 5.208892252994701266e-05 2.751507610082626343e-02 1.034765009535476565e-04 7.622062548762187362e-05 7.727016927674412727e-04 6.244574324227869511e-04 7.831965922378003597e-04 7.238619582494720817e-05 5.208892252994701266e-05 2.751507610082626343e-02 9.506525397300720215e-01
1.300000000000000000e+04 4.136802454013377428e-05 7.179075964813819155e-06 2.603906032163649797e-04 1.457414182368665934e-04 1.843883947003632784e-04 3.700923116412013769e-05 2.329371272935532033e-05 2.017473429441452026e-02 8.987486216938123107e-05 1.692373371042776853e-05 3.901970339938998222e-04 1.725708279991522431e-04 1.982602843781933188e-04 3.700923116412013769e-05 2.329371272935532033e-05 2.017473429441452026e-02 9.503157734870910645e-01
1.400000000000000000e+04 3.919689697795547545e-05 5.527059329324401915e-06 3.236545599065721035e-04 2.104603117913939059e-05 1.073173407348804176e-04 4.337070276960730553e-05 1.771553797880187631e-05 9.646711987443268299e-04 9.384326403960585594e-05 1.214893563883379102e-05 3.654215543065220118e-04 3.703342008520849049e-05 1.317056448897346854e-04 4.337070276960730553e-05 1.771553797880187631e-05 9.646711987443268299e-04 9.501989483833312988e-01
1.500000000000000000e+04 4.373541378299705684e-05 2.584199592092772946e-06 3.860357974190264940e-04 1.649031764827668667e-05 3.024317447852808982e-05 7.013212325546192005e-06 1.395578146912157536e-05 2.090491121634840965e-03 8.271292608696967363e-05 9.602039426681585610e-06 3.995311271864920855e-04 3.658967034425586462e-05 4.321417145547457039e-05 7.013212325546192005e-06 1.395578146912157536e-05 2.090491121634840965e-03 9.501949548721313477e-01
1.600000000000000000e+04 5.085218435851857066e-05 2.453397883073193952e-06 5.553095834329724312e-04 1.675526982580777258e-05 1.931264887389261276e-05 7.164849193941336125e-07 9.824591870710719377e-06 8.332244469784200191e-04 8.786882972344756126e-05 9.373782631882932037e-06 5.217865109443664551e-04 3.046725396416150033e-05 3.587002720450982451e-05 7.164849193941336125e-07 9.824591870710719377e-06 8.332244469784200191e-04 9.501317739486694336e-01
1.700000000000000000e+04 2.111437243002001196e-05 2.037458216364029795e-06 2.365304535487666726e-04 1.577650073159020394e-05 4.750984226120635867e-05 6.613935511268209666e-06 8.198517207347322255e-06 1.066243392415344715e-03 4.743606768897734582e-05 1.004052228381624445e-05 2.541093854233622551e-04 2.266302362841088325e-05 5.890839383937418461e-05 6.613935511268209666e-06 8.198517207347322255e-06 1.066243392415344715e-03 9.501764774322509766e-01
1.800000000000000000e+04 1.074810097634326667e-05 1.180602907879801933e-06 8.782662189332768321e-05 1.774827069311868399e-05 1.360269016004167497e-05 3.985971034126123413e-06 5.132738351676380262e-06 8.863554685376584530e-04 3.823515362455509603e-05 5.962749582977266982e-06 1.089238357963040471e-04 2.437767579976934940e-05 2.226913602498825639e-05 3.985971034126123413e-06 5.132738351676380262e-06 8.863554685376584530e-04 9.500494003295898438e-01
1.900000000000000000e+04 2.100679012073669583e-05 5.002501438866602257e-06 9.887638734653592110e-04 1.646561031520832330e-05 3.064397897105664015e-04 1.413278369000181556e-06 3.990154255006927997e-06 3.058726899325847626e-03 6.215873872861266136e-05 1.198112749989377335e-05 8.831830928102135658e-04 1.914298263727687299e-05 2.920216356869786978e-04 1.413278369000181556e-06 3.990154255006927997e-06 3.058726899325847626e-03 9.505965113639831543e-01
2.000000000000000000e+04 1.514404266345081851e-05 8.858013984536228236e-07 5.380410002544522285e-04 1.700008033367339522e-05 4.641665782401105389e-06 3.613984063122188672e-06 3.408392103665391915e-06 1.133602927438914776e-03 4.148809966864064336e-05 9.282645805797073990e-06 5.003404221497476101e-04 1.991860881389584392e-05 1.548356340208556503e-05 3.613984063122188672e-06 3.408392103665391915e-06 1.133602927438914776e-03 9.504052996635437012e-01
2.100000000000000000e+04 4.144875674683135003e-06 2.005166606977581978e-06 2.869494892365764827e-05 1.562854049552697688e-05 1.067899866029620171e-04 4.384976637084037066e-05 2.632156110848882236e-06 6.212598644196987152e-03 1.871904350991826504e-05 6.808157195337116718e-06 5.239487290964461863e-05 1.956792948476504534e-05 9.188613330479711294e-05 4.384976637084037066e-05 2.632156110848882236e-06 6.212598644196987152e-03 9.503454566001892090e-01
2.200000000000000000e+04 2.659365964063908905e-05 4.581715984386391938e-07 9.746238938532769680e-04 1.481476647313684225e-05 8.003286893654149026e-06 2.700757477214210667e-06 2.795802174659911543e-06 1.094965613447129726e-03 4.935415199724957347e-05 1.460924295315635391e-06 8.249345701187849045e-04 1.851259912655223161e-05 8.883449481800198555e-06 2.700757477214210667e-06 2.795802174659911543e-06 1.094965613447129726e-03 9.504064321517944336e-01
2.300000000000000000e+04 3.416786057641729712e-06 1.541323229048430221e-07 3.679132078104885295e-06 1.533491558802779764e-05 1.326454275840660557e-05 2.126553044945467263e-05 2.955982608909835108e-06 1.325824763625860214e-03 1.865342892415355891e-05 1.559580027787887957e-06 2.450821557431481779e-05 1.829033317335415632e-05 1.382675691274926066e-05 2.126553044945467263e-05 2.955982608909835108e-06 1.325824763625860214e-03 9.498694539070129395e-01
2.400000000000000000e+04 3.386853904885356314e-06 1.084367227122129407e-07 1.600881296326406300e-05 1.279503339901566505e-05 5.413114649854833260e-06 4.678806362790055573e-05 9.860525096883065999e-06 2.129205968230962753e-03 1.892938780656550080e-05 4.403040065881214105e-07 3.882119563058950007e-05 1.699294080026447773e-05 7.912670298537705094e-06 4.678806362790055573e-05 9.860525096883065999e-06 2.129205968230962753e-03 9.497841596603393555e-01
2.500000000000000000e+04 1.580168318469077349e-04 1.626106677576899529e-05 5.317872855812311172e-04 6.622697110287845135e-04 9.902894089464098215e-05 2.128276264556916431e-06 2.641884566401131451e-05 4.735853523015975952e-03 6.264068651944398880e-04 3.713277328643016517e-05 1.106760581023991108e-03 8.403209503740072250e-04 1.431682758266106248e-04 2.128276264556916431e-06 2.641884566401131451e-05 4.735853523015975952e-03 9.507988095283508301e-01
2.600000000000000000e+04 1.067286211764439940e-04 1.883044933492783457e-05 3.900571027770638466e-04 1.369082601740956306e-04 6.952234252821654081e-05 1.258973497897386551e-06 1.313442044192925096e-05 3.349505364894866943e-03 5.187558126635849476e-04 2.978844531753566116e-05 8.061016560532152653e-04 1.658015535213053226e-04 1.113172766054049134e-04 1.258973497897386551e-06 1.313442044192925096e-05 3.349505364894866943e-03 9.504848718643188477e-01
2.700000000000000000e+04 8.572200022172182798e-05 1.214198437082814053e-05 3.248662396799772978e-04 3.061006282223388553e-05 4.312148666940629482e-05 7.365077863141777925e-07 8.530874765710905194e-06 5.475403275340795517e-03 4.214764921925961971e-04 2.302162829437293112e-05 6.054815603420138359e-04 4.769503357238136232e-05 5.831315502291545272e-05 7.365077863141777925e-07 8.530874765710905194e-06 5.475403275340795517e-03 9.503109455108642578e-01
2.800000000000000000e+04 5.879638410988263786e-05 1.035990135278552771e-05 1.560072123538702726e-04 1.969658296729903668e-05 1.983149013540241867e-05 1.697399966360535473e-06 6.093794127082219347e-06 4.478037590160965919e-04 2.996822586283087730e-04 1.762171632435638458e-05 3.899729053955525160e-04 3.785037915804423392e-05 4.232007631799206138e-05 1.697399966360535473e-06 6.093794127082219347e-06 4.478037590160965919e-04 9.502028226852416992e-01
2.900000000000000000e+04 3.659190042526461184e-05 9.924282494466751814e-06 1.392017002217471600e-04 1.320894079981371760e-05 2.213312654930632561e-05 1.616491135791875422e-05 4.822431492357281968e-06 4.175066424068063498e-04 1.343460025964304805e-04 1.437150785932317376e-05 1.916181790875270963e-04 2.302856955793686211e-05 3.633369487943127751e-05 1.616491135791875422e-05 4.822431492357281968e-06 4.175066424068063498e-04 9.502602815628051758e-01
3.000000000000000000e+04 3.949145684600807726e-05 9.080727068067062646e-06 8.208090002881363034e-05 1.158664417744148523e-05 1.123007386922836304e-04 1.122791654779575765e-04 6.467944331234320998e-06 8.087340742349624634e-03 1.058550333254970610e-04 1.721994885883759707e-05 1.695004466455429792e-04 1.618332498765084893e-05 1.411997509421780705e-04 1.122791654779575765e-04 6.467944331234320998e-06 8.087340742349624634e-03 9.506124854087829590e-01
3.100000000000000000e+04 1.277023238799301907e-05 1.125568269344512373e-05 7.638560055056586862e-05 8.121084647427778691e-06 6.891588418511673808e-05 1.090833166017546318e-06 8.004915798665024340e-06 6.700764060951769352e-04 3.491688403300940990e-05 1.220713147631613538e-05 9.158481407212093472e-05 1.081236678146524355e-05 8.454461203655228019e-05 1.090833166017546318e-06 8.004915798665024340e-06 6.700764060951769352e-04 9.501221776008605957e-01
3.200000000000000000e+04 8.985594831756316125e-06 8.504285688104573637e-06 9.891181980492547154e-05 6.693062005069805309e-06 8.929766772780567408e-05 1.942274366228957660e-06 3.682034503071918152e-06 4.373469564598053694e-04 1.625723416509572417e-05 1.068872188625391573e-05 8.820201765047386289e-05 9.010679605125915259e-06 8.253387932199984789e-05 1.942274366228957660e-06 3.682034503071918152e-06 4.373469564598053694e-04 9.500874876976013184e-01
3.300000000000000000e+04 4.222833013045601547e-06 6.252104412851622328e-06 3.657716661109589040e-05 6.286105417530052364e-06 1.303319095313781872e-05 4.170722149865468964e-06 1.348944351775571704e-06 3.797567624133080244e-04 1.082832659449195489e-05 7.172795903898077086e-06 3.890130392392165959e-05 9.213375051331240684e-06 2.279290129081346095e-05 4.170722149865468964e-06 1.348944351775571704e-06 3.797567624133080244e-04 9.499545693397521973e-01
3.400000000000000000e+04 1.587639872013824061e-06 3.989800006820587441e-06 9.906750165100675076e-06 5.732817498937947676e-06 1.325033190369140357e-05 4.831593469134531915e-05 2.170248308175359853e-06 6.007002666592597961e-03 1.333666114078368992e-05 4.660136255552060902e-06 2.033984856097958982e-05 7.676401764911133796e-06 1.872101165645290166e-05 4.831593469134531915e-05 2.170248308175359853e-06 6.007002666592597961e-03 9.503262639045715332e-01
3.500000000000000000e+04 2.710137096073594876e-06 3.111158548563253134e-06 7.880100747570395470e-05 4.943000931234564632e-06 7.238488615257665515e-05 1.205404259962961078e-04 7.628245384694309905e-06 1.280120015144348145e-02 2.198102083639241755e-05 3.432457788221654482e-06 8.376117330044507980e-05 6.556773769261781126e-06 7.018766336841508746e-05 1.205404259962961078e-04 7.628245384694309905e-06 1.280120015144348145e-02 9.505741596221923828e-01
3.600000000000000000e+04 1.820061015678220429e-06 1.033853891385660972e-06 7.871197340136859566e-06 5.195320227358024567e-06 1.878793227660935372e-05 1.493742729508085176e-06 1.469736616854788736e-06 7.556480704806745052e-04 1.998111474676989019e-05 1.438842218703939579e-06 2.992568261106498539e-05 6.684336767648346722e-06 2.226700416940730065e-05 1.493742729508085176e-06 1.469736616854788736e-06 7.556480704806745052e-04 9.500769972801208496e-01
3.700000000000000000e+04 3.079105454162345268e-06 1.492887008680554572e-06 1.058358684531413019e-04 6.151980414870195091e-06 1.539033692097291350e-04 5.192052049096673727e-05 2.745685151239740662e-06 1.870615989901125431e-03 3.057145295315422118e-05 6.931835287105059251e-06 1.133269979618489742e-04 7.815022399881854653e-06 1.381841575494036078e-04 5.192052049096673727e-05 2.745685151239740662e-06 1.870615989901125431e-03 9.498836994171142578e-01
3.800000000000000000e+04 1.317010810453211889e-05 3.565302904462441802e-06 7.676448876736685634e-05 1.358904137305216864e-05 7.268551416927948594e-05 3.566675104593741708e-06 1.557689975015819073e-04 5.914957146160304546e-04 4.112574606551788747e-05 3.856284456560388207e-05 1.451532589271664619e-04 1.781682840373832732e-05 9.713757754070684314e-05 3.566675104593741708e-06 1.557689975015819073e-04 5.914957146160304546e-04 9.501708149909973145e-01
3.900000000000000000e+04 7.426886440953239799e-06 2.050472176051698625e-06 3.343257776577956975e-05 7.412668765027774498e-06 8.065624570008367300e-06 6.281646165007259697e-06 3.409996861591935158e-05 2.348878188058733940e-04 2.712119749048724771e-05 3.713469413924030960e-05 3.979277971666306257e-05 8.501213415001984686e-06 4.169461317360401154e-05 6.281646165007259697e-06 3.409996861591935158e-05 2.348878188058733940e-04 9.500752091407775879e-01
4.000000000000000000e+04 4.935084234602982178e-06 2.889476718337391503e-06 1.634908039704896510e-05 5.315259386406978592e-06 6.039922482159454376e-06 4.110257123102201149e-06 2.186381243518553674e-05 1.888799451990053058e-04 2.132171539415139705e-05 3.606572499847970903e-05 1.786061511666048318e-05 6.123958428361220285e-06 3.945016578654758632e-05 4.110257123102201149e-06 2.186381243518553674e-05 1.888799451990053058e-04 9.501034617424011230e-01
4.100000000000000000e+04 4.689795787271577865e-06 2.357091261728783138e-06 1.668980621616356075e-05 2.802330300255562179e-06 5.095593223813921213e-06 1.917507461257628165e-06 1.330734448856674135e-05 9.533623961033299565e-05 1.997171057155355811e-05 3.150222983094863594e-05 1.649879413889721036e-05 3.191775704181054607e-06 3.445231413934379816e-05 1.917507461257628165e-06 1.330734448856674135e-05 9.533623961033299565e-05 9.501014947891235352e-01
4.200000000000000000e+04 3.519319534461828880e-06 1.419676095792965498e-06 1.253774553333641961e-05 1.611745119589613751e-06 8.833233550831209868e-06 3.595469024730846286e-07 5.577244792220881209e-06 8.975707896752282977e-05 1.742042513797059655e-05 2.410531851637642831e-05 1.676253668847493827e-05 1.773043663888529409e-06 3.465217014309018850e-05 3.595469024730846286e-07 5.577244792220881209e-06 8.975707896752282977e-05 9.500578641891479492e-01
4.300000000000000000e+04 2.641093487909529358e-06 7.315901711990591139e-06 1.057190820574760437e-05 3.170545596731244586e-06 2.705489168874919415e-04 4.677452125179115683e-06 3.630190803960431367e-06 5.068742204457521439e-03 1.679529486864339560e-05 2.275611950608436018e-05 1.504206193203572184e-05 3.575984237613738514e-06 2.320488565601408482e-04 4.677452125179115683e-06 3.630190803960431367e-06 5.068742204457521439e-03 9.500595331192016602e-01
4.400000000000000000e+04 2.559327640483388677e-06 7.140777711356349755e-07 5.720660283259348944e-06 3.822897269856184721e-06 1.775366217771079391e-05 7.112724688340676948e-06 2.480982630004291423e-06 8.957646205089986324e-04 1.396909465256612748e-05 7.846634616726078093e-06 1.123104175348998979e-05 4.538560006039915606e-06 2.525631680327933282e-05 7.112724688340676948e-06 2.480982630004291423e-06 8.957646205089986324e-04 9.499771595001220703e-01
4.500000000000000000e+04 2.304864892721525393e-06 6.053791139493114315e-07 6.978803139645606279e-05 3.776312496484024450e-06 1.561504359415266663e-05 3.797558747464790940e-06 2.529265429984661750e-06 1.441135886125266552e-03 5.755094207415822893e-06 4.556369731290033087e-06 7.241417188197374344e-05 4.678859568230109289e-06 1.447859631298342720e-05 3.797558747464790940e-06 2.529265429984661750e-06 1.441135886125266552e-03 9.500891566276550293e-01
4.600000000000000000e+04 1.069413201548741199e-06 5.899150892219040543e-07 2.050762759608915076e-06 4.541602720564696938e-06 1.675002204137854278e-05 1.038308710121782497e-06 2.554867251092218794e-06 1.766511704772710800e-04 6.700870926579227671e-06 3.093359964623232372e-06 5.744816007791087031e-06 5.337940365279791877e-06 1.708186027826741338e-05 1.038308710121782497e-06 2.554867251092218794e-06 1.766511704772710800e-04 9.500868916511535645e-01
4.700000000000000000e+04 2.919099642895162106e-06 3.827463388006435707e-06 6.907613715156912804e-05 4.111320322408573702e-06 2.880458487197756767e-04 1.172971678897738457e-05 2.247372322017326951e-06 2.366305998293682933e-04 1.209161837323335931e-05 6.758022209396585822e-06 5.552902075578458607e-05 4.842914222535910085e-06 2.436991635477170348e-04 1.172971678897738457e-05 2.247372322017326951e-06 2.366305998293682933e-04 9.503188133239746094e-01
4.800000000000000000e+04 1.344057295682432596e-06 1.533690010546706617e-07 4.999502561986446381e-05 3.636599785750149749e-06 2.553004151195636950e-06 1.035736841004109010e-05 2.828857759595848620e-06 9.354630019515752792e-04 4.990677552996203303e-06 8.395088570978259668e-07 5.033585330238565803e-05 4.397481006890302524e-06 3.399714387342100963e-06 1.035736841004109010e-05 2.828857759595848620e-06 9.354630019515752792e-04 9.498961567878723145e-01
4.900000000000000000e+04 7.381265459116548300e-05 1.915352040668949485e-04 6.322956178337335587e-04 1.628740938031114638e-05 5.925400764681398869e-04 1.511124719399958849e-04 1.845647238951642066e-05 4.675875243265181780e-04 1.216137461597099900e-04 3.056549758184701204e-04 6.392076611518859863e-04 2.622424835863057524e-05 8.780240896157920361e-04 1.511124719399958849e-04 1.845647238951642066e-05 4.675875243265181780e-04 9.504575133323669434e-01
5.000000000000000000e+04 2.634958946146070957e-05 5.712904021493159235e-05 1.479171187384054065e-04 7.123359864635858685e-06 1.996932551264762878e-04 1.237087708432227373e-04 1.013073324429569766e-05 1.862413482740521431e-04 5.290357876219786704e-05 9.467900963500142097e-05 2.061783306999132037e-04 1.236332536791451275e-05 2.802999806590378284e-04 1.237087708432227373e-04 1.013073324429569766e-05 1.862413482740521431e-04 9.502049684524536133e-01
5.100000000000000000e+04 1.910914579639211297e-05 1.248406806553248316e-05 4.571056706481613219e-05 4.499807801039423794e-06 4.745419209939427674e-05 5.429011798696592450e-05 6.784405286452965811e-06 1.112601094064302742e-04 3.350116094225086272e-05 2.519916597520932555e-05 1.013013825286179781e-04 6.956169727345695719e-06 7.513662421843037009e-05 5.429011798696592450e-05 6.784405286452965811e-06 1.112601094064302742e-04 9.501248598098754883e-01
5.200000000000000000e+04 1.516469637863337994e-05 3.932360414182767272e-06 4.666778113460168242e-05 2.784167236313805915e-06 1.434297064406564459e-05 1.069305926648667082e-05 4.213696684018941596e-06 7.728618948021903634e-05 2.589125506347045302e-05 9.830359886109363288e-06 7.937029295135289431e-05 4.344314675108762458e-06 2.565213435445912182e-05 1.069305926648667082e-05 4.213696684018941596e-06 7.728618948021903634e-05 9.500826597213745117e-01
5.300000000000000000e+04 2.024963214353192598e-05 4.022840130346594378e-06 7.249716436490416527e-04 3.432189714658306912e-06 2.478889655321836472e-05 3.632238367572426796e-04 3.849597760563483462e-06 4.241310525685548782e-03 4.381309190648607910e-05 8.276413609564770013e-06 6.052582757547497749e-04 6.287202268140390515e-06 3.336620648042298853e-05 3.632238367572426796e-04 3.849597760563483462e-06 4.241310525685548782e-03 9.496660232543945312e-01
5.400000000000000000e+04 5.809306003357050940e-06 3.602862534535233863e-06 1.645619704504497349e-05 4.039007308165309951e-06 1.759267615852877498e-05 3.307065071567194536e-06 1.669262019277084619e-06 9.325707651441916823e-05 1.367225740978028625e-05 7.257176548591814935e-06 3.029462095582857728e-05 1.124052323575597256e-05 2.665671308932360262e-05 3.307065071567194536e-06 1.669262019277084619e-06 9.325707651441916823e-05 9.499982595443725586e-01
5.500000000000000000e+04 9.483573194302152842e-06 5.038388280809158459e-06 2.609230286907404661e-04 1.389697081322083250e-05 1.123807378462515771e-04 1.225932384841144085e-03 8.169343345798552036e-06 2.694721706211566925e-02 2.097373180731665343e-05 9.068412509805057198e-06 2.545608731452375650e-04 1.931830774992704391e-05 1.010027262964285910e-04 1.225932384841144085e-03 8.169343345798552036e-06 2.694721706211566925e-02 9.489678144454956055e-01
5.600000000000000000e+04 2.685316758288536221e-06 3.156331786158261821e-06 6.486747679446125403e-06 4.356355475465534255e-06 1.132491252064937726e-05 6.750804914190666750e-06 1.486972792008600663e-06 1.818259042920544744e-04 8.434951269009616226e-06 4.711881956609431654e-06 1.530685221950989217e-05 1.317598798777908087e-05 1.653283106861636043e-05 6.750804914190666750e-06 1.486972792008600663e-06 1.818259042920544744e-04 9.499673843383789062e-01
5.700000000000000000e+04 5.544251507672015578e-06 2.120385715898009948e-06 2.084612060571089387e-04 5.068960490461904556e-06 7.911916327429935336e-06 4.733489333830220858e-07 1.187566908811277244e-06 6.101142498664557934e-04 1.924708158185239881e-05 3.497506668281857856e-06 1.959531218744814396e-04 1.595920548425056040e-05 1.206621527671813965e-05 4.733489333830220858e-07 1.187566908811277244e-06 6.101142498664557934e-04 9.502265453338623047e-01
5.800000000000000000e+04 1.210419213748537004e-06 1.516619022368104197e-06 9.251446499547455460e-06 5.033545221522217616e-06 4.134598566452041268e-05 1.890676139737479389e-05 7.906576797722664196e-07 1.883880904642865062e-04 5.869303549843607470e-06 3.112837703156401403e-06 1.353691368422005326e-05 1.868386607384309173e-05 3.887614366249181330e-05 1.890676139737479389e-05 7.906576797722664196e-07 1.883880904642865062e-04 9.502207040786743164e-01
5.900000000000000000e+04 1.409189849255199078e-06 2.140518063242780045e-06 7.445909886882873252e-06 7.594169346702983603e-06 1.390408215229399502e-05 1.545419763715472072e-06 4.063914275320712477e-06 2.646124339662492275e-04 5.890441116207512096e-06 3.161157110298518091e-06 1.134478134190430865e-05 2.612125717860180885e-05 1.808490196708589792e-05 1.545419763715472072e-06 4.063914275320712477e-06 2.646124339662492275e-04 9.500371813774108887e-01
6.000000000000000000e+04 1.929589643623330630e-06 1.255448842130135745e-05 1.535727096779737622e-05 8.770281056058593094e-06 9.158916654996573925e-04 5.050429608672857285e-04 1.295118977395759430e-06 9.137174114584922791e-03 6.364597084029810503e-06 1.962674468813929707e-05 2.054990727629046887e-05 1.606301339052151889e-05 7.673727232031524181e-04 5.050429608672857285e-04 1.295118977395759430e-06 9.137174114584922791e-03 9.494318962097167969e-01
6.100000000000000000e+04 9.962334388546878472e-07 2.292321710228861775e-07 1.000922839011764154e-05 3.330289928271668032e-06 1.033708826980728190e-06 2.598577111712074839e-06 6.833664656369364820e-07 1.640494010644033551e-04 6.730910172336734831e-06 2.662102644990227418e-07 1.225316282216226682e-05 1.109327695303363726e-05 2.695730245250160806e-06 2.598577111712074839e-06 6.833664656369364820e-07 1.640494010644033551e-04 9.501421451568603516e-01
6.200000000000000000e+04 1.604834505997132510e-05 2.537504042265936732e-05 1.683644222794100642e-04 4.863396316068246961e-05 1.002805074676871300e-04 3.203582309652119875e-04 8.925973816076293588e-05 5.852283444255590439e-03 2.183599644922651350e-05 5.841629536007530987e-05 1.867943647084757686e-04 6.512107938760891557e-05 1.725967886159196496e-04 3.203582309652119875e-04 8.925973816076293588e-05 5.852283444255590439e-03 9.501366615295410156e-01
6.300000000000000000e+04 9.885960935207549483e-06 7.969545549713075161e-06 2.245673567813355476e-05 4.378793619252974167e-06 4.924951099383179098e-06 2.509786327209440060e-06 4.613664259522920474e-06 1.090459772967733443e-04 1.147425609815400094e-05 1.766178684192709625e-05 4.157748116995207965e-05 1.613199674466159195e-05 2.800345646392088383e-05 2.509786327209440060e-06 4.613664259522920474e-06 1.090459772967733443e-04 9.500786662101745605e-01
6.400000000000000000e+04 6.438903255912009627e-06 3.398256922082509845e-06 1.251495086762588471e-05 3.579905524020432495e-06 3.694934321174514480e-06 8.347445259460073430e-07 2.665260353751364164e-06 6.907751230755820870e-05 7.386563538602786139e-06 7.110763817763654515e-06 2.815920015564188361e-05 1.509128014731686562e-05 1.355957101623062044e-05 8.347445259460073430e-07 2.665260353751364164e-06 6.907751230755820870e-05 9.500345587730407715e-01
6.500000000000000000e+04 2.555717856012051925e-06 1.211382482324552257e-06 1.436430920875864103e-05 2.521868964322493412e-06 2.084180778183508664e-06 1.201953523377596866e-06 1.265334049094235525e-06 3.999428008683025837e-05 4.558978162094717845e-06 2.472823098287335597e-06 2.490707629476673901e-05 1.322065963904606178e-05 7.450092198268976063e-06 1.201953523377596866e-06 1.265334049094235525e-06 3.999428008683025837e-05 9.499996900558471680e-01
6.600000000000000000e+04 1.312472136305586901e-06 1.153715061263937969e-06 4.292330686439527199e-06 2.145243570339516737e-06 4.458203420654172078e-06 2.892870156756544020e-07 1.032090153785247821e-06 5.260031321085989475e-05 7.357089089055079967e-06 2.439956006128340960e-06 8.047118171816691756e-06 9.558026249578688294e-06 8.744060323806479573e-06 2.892870156756544020e-07 1.032090153785247821e-06 5.260031321085989475e-05 9.500803947448730469e-01
6.700000000000000000e+04 1.043635393216391094e-06 7.831213224562816322e-07 2.935638985945843160e-05 2.724275645960005932e-06 1.347450279354234226e-06 3.364580697962082922e-05 8.167058922481373884e-07 1.209721958730369806e-04 6.145834049675613642e-06 2.115373945343890227e-06 3.151904820697382092e-05 8.364120731130242348e-06 6.208427294041030109e-06 3.364580697962082922e-05 8.167058922481373884e-07 1.209721958730369806e-04 9.497990012168884277e-01
6.800000000000000000e+04 1.013659016280143987e-06 4.816477030544774607e-07 3.275727067375555634e-06 3.151860937578021549e-06 5.161865828995360062e-06 2.507782483007758856e-05 7.829228820810385514e-07 1.003111246973276138e-03 8.192487257474567741e-06 1.581508968229172751e-06 7.077477675920818001e-06 8.243428055720869452e-06 7.145489689719397575e-06 2.507782483007758856e-05 7.829228820810385514e-07 1.003111246973276138e-03 9.498721957206726074e-01
6.900000000000000000e+04 7.324416628762264736e-07 3.479835868347436190e-07 3.041220224986318499e-06 3.176814288963214494e-06 4.012305907963309437e-06 4.755536792799830437e-06 9.395037068316014484e-07 4.259237903170287609e-04 7.338305294979363680e-06 1.211702624459576327e-06 7.191422355390386656e-06 9.005051651911344379e-06 6.704784027533605695e-06 4.755536792799830437e-06 9.395037068316014484e-07 4.259237903170287609e-04 9.501298069953918457e-01
7.000000000000000000e+04 1.097596623367280699e-06 2.172448375858948566e-06 1.306570993619970977e-05 4.263693426764803007e-06 3.820836354861967266e-05 1.048855665430892259e-05 6.572759616574330721e-07 2.569692442193627357e-04 6.720259534631622955e-06 4.831388650927692652e-06 1.577284274389967322e-05 9.085266356123611331e-06 3.516916694934479892e-05 1.048855665430892259e-05 6.572759616574330721e-07 2.569692442193627357e-04 9.499028325080871582e-01
7.100000000000000000e+04 8.972031064331531525e-03 3.789703128859400749e-03 5.202537178993225098e-01 2.639952814206480980e-03 2.770646512508392334e-01 1.450403630733489990e-01 1.402358338236808777e-02 3.951437950134277344e+00 1.189999282360076904e-02 6.503315642476081848e-03 4.511402249336242676e-01 2.551156096160411835e-03 2.543431222438812256e-01 1.450403630733489990e-01 1.402358338236808777e-02 3.951437950134277344e+00 1.140512466430664062e+00
7.200000000000000000e+04 4.056960733578307554e-06 4.057165369886206463e-06 4.453189467312768102e-05 3.728143201442435384e-05 2.509515252313576639e-05 2.330602910660672933e-06 5.993888407829217613e-06 3.914240805897861719e-04 1.084190535038942471e-05 8.689580681675579399e-06 6.667145498795434833e-05 8.771010470809414983e-05 3.890065272571519017e-05 2.330602910660672933e-06 5.993888407829217613e-06 3.914240805897861719e-04 9.500737786293029785e-01
7.300000000000000000e+04 2.025856019827187993e-06 1.824401124395080842e-06 2.839228000084403902e-05 1.579489071446005255e-05 1.029743089020485058e-05 1.166560195997590199e-06 1.778230625859578140e-06 2.966086030937731266e-04 8.069947398325894028e-06 5.472036718856543303e-06 2.975390998471993953e-05 4.076867116964422166e-05 1.807168337109033018e-05 1.166560195997590199e-06 1.778230625859578140e-06 2.966086030937731266e-04 9.500715136528015137e-01
7.400000000000000000e+04 1.396101538375660311e-06 1.176560658677772153e-06 3.748764720512554049e-05 9.789710929908324033e-06 8.281188456749077886e-06 2.274847702210536227e-06 8.409245424445543904e-07 1.832231209846213460e-04 5.571384008362656459e-06 3.768823489735950716e-06 4.709396671387366951e-05 2.622471947688609362e-05 1.293027708015870303e-05 2.274847702210536227e-06 8.409245424445543904e-07 1.832231209846213460e-04 9.500005245208740234e-01
7.500000000000000000e+04 3.671942295113694854e-06 5.944847316641244106e-07 1.407127274433150887e-04 4.457245722733205184e-06 1.288512248720508069e-05 2.186663004977162927e-05 8.340521731042827014e-07 4.187554004602134228e-04 1.206201613968005404e-05 1.686539462752989493e-06 1.117664578487165272e-04 1.301838437939295545e-05 1.460306611988926306e-05 2.186663004977162927e-05 8.340521731042827014e-07 4.187554004602134228e-04 9.503353238105773926e-01
7.600000000000000000e+04 6.399152425728971139e-07 5.076133788861625362e-07 9.135312211583368480e-06 2.687681899260496721e-06 5.747256182075943798e-06 4.799227554030949250e-06 9.560836815580842085e-07 2.608098147902637720e-04 3.978412678407039493e-06 1.127103473663737532e-06 1.193321350001497194e-05 7.155798357416642830e-06 6.447214673244161531e-06 4.799227554030949250e-06 9.560836815580842085e-07 2.608098147902637720e-04 9.499559402465820312e-01
7.700000000000000000e+04 5.394630989030702040e-06 4.919075422549212817e-07 4.518892383202910423e-04 2.571591949163121171e-06 1.398330732627073303e-05 2.737998102020355873e-06 9.175784043691237457e-07 1.670708443270996213e-04 5.308872459863778204e-06 1.125100993704108987e-06 3.978236054535955191e-04 5.721521574741927907e-06 1.278002673643641174e-05 2.737998102020355873e-06 9.175784043691237457e-07 1.670708443270996213e-04 9.500362873077392578e-01
7.800000000000000000e+04 7.092965006449958310e-07 2.932023903667868581e-07 2.227186541858827695e-06 2.566727971498039551e-06 3.612679620346170850e-06 2.940849844890180975e-05 7.424198997796338517e-07 1.935482840053737164e-03 5.095009328215382993e-06 7.770166803311440162e-07 5.655394943460123613e-06 5.738069830840686336e-06 4.909632480121217668e-06 2.940849844890180975e-05 7.424198997796338517e-07 1.935482840053737164e-03 9.498392939567565918e-01
7.900000000000000000e+04 8.212701914089848287e-07 9.966835250452277251e-07 9.545664397592190653e-06 2.588182951512862928e-06 4.184517820249311626e-05 1.194197125187201891e-06 6.753708703399752267e-07 1.036233952618204057e-04 6.487589871539967135e-06 1.448281295779452194e-06 1.020614763547200710e-05 6.141364337963750586e-06 3.710788951138965786e-05 1.194197125187201891e-06 6.753708703399752267e-07 1.036233952618204057e-04 9.500508308410644531e-01
8.000000000000000000e+04 6.120984608060098253e-07 4.715700185897730989e-07 1.806282625693711452e-06 2.564700480434112251e-06 2.544921244407305494e-06 8.357578735740389675e-06 8.147001153702149168e-07 1.073767198249697685e-03 4.789401828020345420e-06 8.981013479569810443e-07 4.596710368787171319e-06 6.160826160339638591e-06 3.471287300271796994e-06 8.357578735740389675e-06 8.147001153702149168e-07 1.073767198249697685e-03 9.501559734344482422e-01
8.100000000000000000e+04 4.116591867386887316e-07 1.631955086622838280e-07 2.066128217848017812e-06 2.120045110132195987e-06 3.840784302155952901e-06 7.462075473085860722e-07 9.400889098287734669e-07 8.736887684790417552e-05 3.484036597001249902e-06 4.774029207510466222e-07 6.174826012284029275e-06 4.925736448058160022e-06 4.281269866623915732e-06 7.462075473085860722e-07 9.400889098287734669e-07 8.736887684790417552e-05 9.500532746315002441e-01
8.200000000000000000e+04 2.360133748879889026e-06 5.387844339566072449e-06 2.636773206177167594e-05 4.015001468360424042e-05 1.009201969282003120e-05 1.797410618564754259e-06 1.028161204885691404e-05 6.126157823018729687e-04 7.633944733242969960e-06 8.067361704888753593e-06 3.449531868682242930e-05 9.446805779589340091e-05 2.491907616786193103e-05 1.797410618564754259e-06 1.028161204885691404e-05 6.126157823018729687e-04 9.501376152038574219e-01
8.300000000000000000e+04 1.821093405851570424e-06 2.197082949351170100e-06 5.754984158556908369e-06 1.550836714159231633e-05 3.095131660302286036e-06 2.530049414417590015e-07 1.144339989878062624e-06 3.195404133293777704e-04 5.224005690251942724e-06 3.529044079186860472e-06 1.495456035627285019e-05 3.518036828609183431e-05 8.256814908236265182e-06 2.530049414417590015e-07 1.144339989878062624e-06 3.195404133293777704e-04 9.500659108161926270e-01
8.400000000000000000e+04 2.059180587821174413e-06 1.790444912330713123e-06 3.166961278111557476e-06 6.738438969478011131e-06 4.149623691773740575e-06 1.168381231764215045e-06 6.977545012887276243e-07 9.102899639401584864e-05 5.363279797165887430e-06 3.119122993666678667e-06 1.203263491333927959e-05 1.804558633011765778e-05 8.543333024135790765e-06 1.168381231764215045e-06 6.977545012887276243e-07 9.102899639401584864e-05 9.500120282173156738e-01
8.500000000000000000e+04 2.123240619766875170e-06 7.105297754605999216e-07 8.481521035719197243e-06 3.375573896846617572e-06 2.550891395003418438e-06 2.254904529763734899e-06 5.761272632298641838e-07 1.929105957970023155e-03 6.972734354349086061e-06 1.391102387060527690e-06 1.411552511854097247e-05 1.000082011159975082e-05 4.887359409622149542e-06 2.254904529763734899e-06 5.761272632298641838e-07 1.929105957970023155e-03 9.500094652175903320e-01
8.600000000000000000e+04 2.682701051526237279e-06 3.808931751336785965e-06 2.244892821181565523e-04 3.136427494609961286e-06 2.099323028232902288e-04 1.304901234107092023e-04 7.241816319947247393e-07 4.387136432342231274e-04 4.650387381843756884e-06 5.181760116101941094e-06 2.047066227532923222e-04 5.061969659436726943e-06 1.768919901223853230e-04 1.304901234107092023e-04 7.241816319947247393e-07 4.387136432342231274e-04 9.496220946311950684e-01
8.700000000000000000e+04 6.497941285488195717e-06 3.895639110851334408e-06 2.996191324200481176e-04 4.101188096683472395e-06 2.387492422712966800e-04 1.343291660305112600e-04 2.160664962502778508e-06 1.126316958107054234e-03 1.870908454293385148e-05 5.247122317086905241e-06 2.534075756557285786e-04 5.665880507876863703e-06 2.123543672496452928e-04 1.343291660305112600e-04 2.160664962502778508e-06 1.126316958107054234e-03 9.507186412811279297e-01
8.800000000000000000e+04 8.980036341199593153e-07 5.121990653833563556e-08 6.172507710289210081e-06 2.418677695459336974e-06 1.129378574660222512e-06 3.078457666561007500e-06 5.235949629422975704e-07 8.874158957041800022e-04 6.655120614595944062e-06 1.971254590671378537e-07 1.112809877668041736e-05 3.120642531939665787e-06 1.072234681487316266e-06 3.078457666561007500e-06 5.235949629422975704e-07 8.874158957041800022e-04 9.499858617782592773e-01
8.900000000000000000e+04 7.995761848178517539e-07 2.882273086868281098e-08 6.428778760891873389e-06 1.867176024461514316e-06 7.283234708665986545e-07 1.590946340002119541e-05 6.419795113288273569e-07 9.645723912399262190e-05 6.061010935809463263e-06 1.150791746340473765e-07 9.713116014609113336e-06 2.702349547689664178e-06 9.124179314312641509e-07 1.590946340002119541e-05 6.419795113288273569e-07 9.645723912399262190e-05 9.502094388008117676e-01
9.000000000000000000e+04 1.320216483691183385e-06 7.262601684487890452e-07 7.139884110074490309e-05 2.343870164622785524e-06 4.225251541356556118e-05 4.125492694129206939e-07 8.531715707249531988e-07 7.404678035527467728e-03 3.600094032663037069e-06 1.010745904750365298e-06 6.663951353402808309e-05 2.984543925776961260e-06 3.641890725702978671e-05 4.125492694129206939e-07 8.531715707249531988e-07 7.404678035527467728e-03 9.500390887260437012e-01
9.100000000000000000e+04 3.221621511784178438e-07 2.582587477206743642e-08 1.139662231253169011e-06 2.358481651754118502e-06 3.381779549727070844e-07 9.367423672301811166e-07 5.392742536969308276e-07 1.025239107548259199e-04 3.860272954625543207e-06 6.595121959662719746e-08 4.418892331159440801e-06 3.244852223360794596e-06 4.575682623908505775e-07 9.367423672301811166e-07 5.392742536969308276e-07 1.025239107548259199e-04 9.500634670257568359e-01
9.200000000000000000e+04 2.305503556954136002e-07 4.083200977333945048e-08 1.690019416855648160e-06 1.675997623351577204e-06 5.189190801502263639e-07 1.777464603947009891e-05 7.676237032683275174e-07 1.037973677739500999e-03 3.681714815684244968e-06 9.253108856910330360e-08 4.274683305993676186e-06 2.447390443194308318e-06 6.988086624915013090e-07 1.777464603947009891e-05 7.676237032683275174e-07 1.037973677739500999e-03 9.498580694198608398e-01
9.300000000000000000e+04 2.521611008887703065e-07 4.164136413464802899e-08 6.579942350981582422e-07 1.858800487752887420e-06 1.359108409815235063e-06 5.100423550175037235e-06 2.601465212137554772e-07 7.666683814022690058e-05 3.843515059998026118e-06 8.708758514330838807e-08 3.306651478851563297e-06 2.652256853252765723e-06 1.318939894190407358e-06 5.100423550175037235e-06 2.601465212137554772e-07 7.666683814022690058e-05 9.501146078109741211e-01
9.400000000000000000e+04 1.327887821389595047e-05 1.385078940074890852e-05 5.463451816467568278e-05 1.256735777133144438e-05 1.238642580574378371e-04 1.017319937091087922e-05 2.129266613337676972e-05 2.724654914345592260e-04 1.828860513342078775e-05 2.637364195834379643e-05 5.730618067900650203e-05 2.278476313222199678e-05 1.764219923643395305e-04 1.017319937091087922e-05 2.129266613337676972e-05 2.724654914345592260e-04 9.501423239707946777e-01
9.500000000000000000e+04 3.034584551642183214e-06 2.444082838337635621e-06 1.000335851131239906e-05 3.527126409608172253e-06 9.553372365189716220e-05 8.181120392691809684e-06 7.856931915739551187e-06 1.092824822990223765e-04 8.863113180268555880e-06 8.831666491460055113e-06 1.463610169594176114e-05 6.304232556431088597e-06 1.189704053103923798e-04 8.181120392691809684e-06 7.856931915739551187e-06 1.092824822990223765e-04 9.500504136085510254e-01
9.600000000000000000e+04 2.193434966102358885e-06 1.485640495957341045e-06 6.729691904183709994e-06 1.727257313177688047e-06 2.962869803013745695e-05 4.411021564010297880e-06 3.388874119991669431e-06 6.915556878084316850e-05 9.876567673927638680e-06 4.664809694077121094e-06 1.009812149277422577e-05 3.279826614743797109e-06 2.791522638290189207e-05 4.411021564010297880e-06 3.388874119991669431e-06 6.915556878084316850e-05 9.500805139541625977e-01
9.700000000000000000e+04 2.062682369796675630e-06 1.105440105675370432e-06 6.136034244264010340e-06 1.321651438956905622e-06 4.743561476061586291e-06 7.344346613535890356e-06 1.300899157286039554e-06 7.596681825816631317e-05 1.078411423804936931e-05 3.282120360381668434e-06 9.584780855220742524e-06 2.608233899081824347e-06 9.246306035493034869e-06 7.344346613535890356e-06 1.300899157286039554e-06 7.596681825816631317e-05 9.499443173408508301e-01
9.800000000000000000e+04 1.769871005308232270e-06 5.735602712775289547e-07 7.715416359133087099e-06 1.677328214100270998e-06 3.557070886017754674e-05 2.133054658770561218e-05 3.683581326185958460e-06 1.318157999776303768e-03 1.077750494005158544e-05 2.206694944106857292e-06 1.082930975826457143e-05 2.635474174894625321e-06 3.638392081484198570e-05 2.133054658770561218e-05 3.683581326185958460e-06 1.318157999776303768e-03 9.498761296272277832e-01
9.900000000000000000e+04 1.359879206574987620e-06 5.160130740478052758e-07 2.638848854985553771e-06 1.685496499703731388e-06 4.212817657389678061e-06 6.633443263126537204e-06 6.275116106735367794e-07 7.167443982325494289e-05 8.952922144089825451e-06 1.063443505699979141e-06 5.567151220020605251e-06 2.580792397566256113e-06 4.701212674262933433e-06 6.633443263126537204e-06 6.275116106735367794e-07 7.167443982325494289e-05 9.501343965530395508e-01
1.000000000000000000e+05 9.651756727180327289e-07 3.321846406834083609e-07 2.760449888228322379e-06 2.117666326739708893e-06 1.887359530883259140e-06 9.751625475473701954e-05 7.214764991658739746e-06 3.654295287560671568e-04 7.697605724388267845e-06 6.860102530481526628e-07 4.815981810679659247e-06 3.057027242903131992e-06 2.958649702122784220e-06 9.751625475473701954e-05 7.214764991658739746e-06 3.654295287560671568e-04 9.496518373489379883e-01
1.010000000000000000e+05 3.041688387384056114e-06 5.157998543836583849e-07 1.778699806891381741e-04 1.943722509167855605e-06 1.589553357916884124e-05 8.021130071256266092e-08 7.745378752588294446e-06 6.341441068798303604e-03 1.476958095736335963e-05 8.491138032695744187e-07 1.508015120634809136e-04 2.666814225449343212e-06 1.301363408856559545e-05 8.021130071256266092e-08 7.745378752588294446e-06 6.341441068798303604e-03 9.501627683639526367e-01
1.020000000000000000e+05 7.087921858328627422e-07 1.111565026690186642e-07 2.736468923103529960e-05 1.707262640593398828e-06 7.545031053268758114e-07 1.504165993537753820e-05 4.615760644810507074e-07 1.502717932453379035e-04 3.796077862716629170e-06 3.148401503949571634e-07 2.636892713780980557e-05 2.760822326308698393e-06 1.121792706726409961e-06 1.504165993537753820e-05 4.615760644810507074e-07 1.502717932453379035e-04 9.501647353172302246e-01
1.030000000000000000e+05 8.129729849315481260e-07 8.769253412310717977e-08 1.740237712510861456e-05 1.434834643987414893e-06 7.050117005746869836e-07 5.573377279688429553e-07 6.079387162571947556e-07 8.793033775873482227e-04 6.013426173012703657e-06 2.084835841742460616e-07 1.689965029072482139e-05 2.377755436100414954e-06 9.629858368498389609e-07 5.573377279688429553e-07 6.079387162571947556e-07 8.793033775873482227e-04 9.500455260276794434e-01
1.040000000000000000e+05 3.249440680974657880e-07 1.456939315858107875e-07 7.488019491574959829e-06 1.463452917960239574e-06 2.486284529368276708e-06 6.128177119535394013e-06 5.464628429763251916e-07 1.910526771098375320e-03 2.803539700835244730e-06 3.400296861855167663e-07 9.752453479450196028e-06 2.596038484625751153e-06 2.472237156325718388e-06 6.128177119535394013e-06 5.464628429763251916e-07 1.910526771098375320e-03 9.499174356460571289e-01
1.050000000000000000e+05 3.140511353194597177e-07 3.870273701522819465e-08 2.266312549181748182e-06 1.360105443382053636e-06 2.455773255860549398e-07 5.088105581307900138e-07 7.167389526330225635e-07 3.600719210226088762e-04 4.055317276652203873e-06 1.311979929141671164e-07 4.658978468796703964e-06 2.458297785778995603e-06 3.570415572085039457e-07 5.088105581307900138e-07 7.167389526330225635e-07 3.600719210226088762e-04 9.500069022178649902e-01
1.060000000000000000e+05 3.322804218441888224e-07 2.994527292798920826e-08 1.773661779225221835e-06 1.349202079836686607e-06 2.156256613261575694e-07 5.984776635159505531e-06 5.271648433335940354e-07 4.735186521429568529e-04 4.040841304231435061e-06 8.275800666979193920e-08 4.091622486157575622e-06 2.464837280058418401e-06 3.631608080922887893e-07 5.984776635159505531e-06 5.271648433335940354e-07 4.735186521429568529e-04 9.499331116676330566e-01
1.070000000000000000e+05 8.633234756416641176e-06 1.302350665355334058e-05 1.029571649269200861e-05 8.322786015924066305e-06 3.468387512839399278e-05 1.608542447684158105e-06 5.509618495125323534e-05 2.953542862087488174e-04 1.107321622839663178e-05 1.494588559580734000e-05 1.578298724780324847e-05 1.349745616607833654e-05 4.561147579806856811e-05 1.608542447684158105e-06 5.509618495125323534e-05 2.953542862087488174e-04 9.500261545181274414e-01
1.080000000000000000e+05 4.278550477465614676e-06 8.280962902063038200e-07 5.766154572484083474e-06 3.253475597375654615e-06 1.384301685902755708e-05 1.332625174654822331e-06 6.747712632204638794e-06 9.283988765673711896e-05 5.788504040538100526e-06 1.356788288831012323e-06 2.514950574550312012e-05 5.746416718466207385e-06 1.686666291789151728e-05 1.332625174654822331e-06 6.747712632204638794e-06 9.283988765673711896e-05 9.500225782394409180e-01
1.090000000000000000e+05 1.972586005649645813e-06 7.019865506663336419e-07 3.936361736123217270e-06 2.327109541511163116e-06 6.747185125277610496e-06 1.228791347784863319e-06 2.735234147621667944e-06 2.924755390267819166e-04 3.170812078678864054e-06 1.327693212260783184e-06 1.530722875031642616e-05 4.695152711065020412e-06 9.739464076119475067e-06 1.228791347784863319e-06 2.735234147621667944e-06 2.924755390267819166e-04 9.500413537025451660e-01
1.100000000000000000e+05 1.297760150009708013e-06 2.194056207827088656e-07 3.372510491317370906e-06 2.114920789608731866e-06 5.660386250383453444e-06 6.334757927106693387e-07 7.624784075233037584e-07 8.496937516611069441e-05 3.027531647603609599e-06 4.435117659795650980e-07 1.041275936586316675e-05 4.631055617210222408e-06 5.985111783957108855e-06 6.334757927106693387e-07 7.624784075233037584e-07 8.496937516611069441e-05 9.500169754028320312e-01
1.110000000000000000e+05 7.614980859216302633e-07 1.226215658789442386e-06 2.893710643547819927e-06 2.261216195620363578e-06 6.041248343535698950e-05 1.773483381839469075e-05 4.664453854275052436e-07 1.351005514152348042e-03 2.706254690565401688e-06 1.308437958869035356e-06 7.078028829710092396e-06 4.212387466395739466e-06 4.961475133313797414e-05 1.773483381839469075e-05 4.664453854275052436e-07 1.351005514152348042e-03 9.501975774765014648e-01
1.120000000000000000e+05 3.675465620744944317e-07 4.612634185718889057e-08 3.117297865173895843e-06 1.878090415630140342e-06 1.127087216445943341e-06 5.794121170765720308e-05 2.852588352197926724e-07 4.335013218224048615e-04 2.322756017747451551e-06 1.621301066734304186e-07 6.616067821596516296e-06 3.532777554937638342e-06 1.638398430259258021e-06 5.794121170765720308e-05 2.852588352197926724e-07 4.335013218224048615e-04 9.497126340866088867e-01
1.130000000000000000e+05 4.551883137082768371e-07 1.161275946515161195e-07 2.671340780580067076e-06 1.567266735946759582e-06 4.767733571497956291e-06 3.618788923631655052e-06 3.803579318173433421e-07 3.399752895347774029e-04 2.971850335597991943e-06 2.642167657995742047e-07 5.331121428753249347e-06 2.524961246308521368e-06 4.031576736451825127e-06 3.618788923631655052e-06 3.803579318173433421e-07 3.399752895347774029e-04 9.501005411148071289e-01
1.140000000000000000e+05 4.854015287492075004e-07 9.310204518442333210e-08 2.800635002131457441e-06 1.759623614816518966e-06 3.822116923402063549e-06 1.087199416360817850e-05 3.728329147634212859e-07 2.640966849867254496e-04 2.885654794226866215e-06 2.726854688717139652e-07 5.720545686926925555e-06 2.755188916125916876e-06 3.840066256088903174e-06 1.087199416360817850e-05 3.728329147634212859e-07 2.640966849867254496e-04 9.498961567878723145e-01
1.150000000000000000e+05 4.475828632166667376e-07 1.935146372034068918e-07 6.667412435490405187e-07 1.590076863067224622e-06 8.658057595312129706e-06 9.320461344941577408e-07 3.764033920106157893e-07 1.344511547358706594e-04 2.108790567945106886e-06 3.637784971033397596e-07 4.828672899748198688e-06 2.512705805202131160e-06 8.824669748719315976e-06 9.320461344941577408e-07 3.764033920106157893e-07 1.344511547358706594e-04 9.500545263290405273e-01
1.160000000000000000e+05 2.521018132028984837e-07 8.389546479747878038e-08 5.298450105328811333e-06 1.370066570416383911e-06 1.777338297870301176e-06 2.801861285206541652e-07 7.107676083251135424e-07 1.024162978865206242e-03 1.844914208959380630e-06 1.838262591036254889e-07 8.260030881501734257e-06 2.207489387728855945e-06 1.483529445067688357e-06 2.801861285206541652e-07 7.107676083251135424e-07 1.024162978865206242e-03 9.500285387039184570e-01
1.170000000000000000e+05 1.751224800727868569e-07 4.229543648648359522e-08 5.251722541288472712e-07 1.497036691944231279e-06 7.302281801457866095e-07 2.447930000926135108e-07 2.068483411221677670e-07 2.208420046372339129e-04 2.201256847911281511e-06 1.592103586744997301e-07 3.114716264462913387e-06 2.550604904172359966e-06 7.714590424257039558e-07 2.447930000926135108e-07 2.068483411221677670e-07 2.208420046372339129e-04 9.500312209129333496e-01
1.180000000000000000e+05 2.342510924790985882e-05 2.497913737897761166e-05 6.526917422888800502e-05 9.076848073164001107e-05 1.078272835002280772e-04 1.144953057519160211e-05 2.838703039742540568e-05 1.461924868635833263e-03 3.362411007401533425e-05 4.059564525960013270e-05 8.825063559925183654e-05 1.444259542040526867e-04 1.324828044744208455e-04 1.144953057519160211e-05 2.838703039742540568e-05 1.461924868635833263e-03 9.501054286956787109e-01
1.190000000000000000e+05 1.094019262382062152e-05 1.888756742118857801e-06 2.020364263444207609e-05 2.391410089330747724e-05 4.218271442368859425e-06 5.160495106792950537e-07 5.139660515851574019e-06 2.403373509878292680e-04 1.693417107162531465e-05 3.413957301745540462e-06 3.667107739602215588e-05 4.369664384284988046e-05 7.510661816922947764e-06 5.160495106792950537e-07 5.139660515851574019e-06 2.403373509878292680e-04 9.500566124916076660e-01
1.200000000000000000e+05 5.493863682204391807e-06 1.169735014627804048e-06 1.026684640237363055e-05 5.764577963418560103e-06 4.605840331350918859e-06 6.963164196349680424e-07 1.523450464446796104e-06 7.147854194045066833e-05 1.026564223138848320e-05 2.594134002720238641e-06 2.026995389314834028e-05 1.322975731454789639e-05 7.683185685891658068e-06 6.963164196349680424e-07 1.523450464446796104e-06 7.147854194045066833e-05 9.500541090965270996e-01
1.210000000000000000e+05 2.620532768560224213e-06 9.661075637268368155e-07 7.336800081247929484e-06 2.641169658090802841e-06 2.670850108188460581e-06 5.320868012859136797e-07 5.111526206746930256e-07 6.161101919133216143e-05 5.896728907828219235e-06 2.020108922806684859e-06 1.421846081939293072e-05 5.889344720344524831e-06 5.002645139029482380e-06 5.320868012859136797e-07 5.111526206746930256e-07 6.161101919133216143e-05 9.499983191490173340e-01
1.220000000000000000e+05 2.801776417982182465e-06 9.353803420708572958e-07 1.040613060467876494e-04 2.279938826177385636e-06 9.540817700326442719e-06 6.694928015349432826e-05 1.486206201661843807e-06 1.127450610511004925e-03 3.501288574625505134e-06 2.259020448036608286e-06 9.387988393427804112e-05 3.610974090406671166e-06 1.217855242430232465e-05 6.694928015349432826e-05 1.486206201661843807e-06 1.127450610511004925e-03 9.496901631355285645e-01
1.230000000000000000e+05 4.697585893609357299e-07 1.783188736226293258e-06 8.994670679385308176e-06 1.517607529422093648e-06 2.438242881908081472e-05 5.515702068805694580e-04 6.896590321048279293e-07 9.547879919409751892e-03 4.154422640567645431e-06 2.190110080846352503e-06 1.177114609163254499e-05 2.224207946710521355e-06 2.162800410587806255e-05 5.515702068805694580e-04 6.896590321048279293e-07 9.547879919409751892e-03 9.509555101394653320e-01
1.240000000000000000e+05 1.613599209804306156e-07 4.931118837703252211e-07 3.799307705776300281e-06 1.495954052188608330e-06 2.339426828257273883e-06 7.323524641833500937e-06 5.009508186049060896e-07 1.345996715826913714e-04 2.034689032370806672e-06 1.054438712344563100e-06 5.936153229413321242e-06 2.728138497332111001e-06 3.721921530086547136e-06 7.323524641833500937e-06 5.009508186049060896e-07 1.345996715826913714e-04 9.499096274375915527e-01
1.250000000000000000e+05 1.892621384058656986e-07 5.669635356753133237e-07 1.079460503206064459e-06 1.380101025461044628e-06 2.179760940634878352e-06 4.999003067496232688e-06 6.768943308088637423e-07 6.591904821107164025e-05 2.759088829407119192e-06 6.727128720740438439e-07 3.463755547272739932e-06 3.026153535756748170e-06 2.295766080351313576e-06 4.999003067496232688e-06 6.768943308088637423e-07 6.591904821107164025e-05 9.501103758811950684e-01
1.260000000000000000e+05 3.283241198914765846e-07 1.858441578406200279e-07 2.599878098408225924e-05 1.343930421171535272e-06 2.215342874478665181e-06 2.335970748390536755e-05 2.677374482118466403e-07 6.928740913281217217e-05 1.324038407801708672e-06 3.442353033733525081e-07 2.709401269385125488e-05 3.000370043082511984e-06 1.798089215299114585e-06 2.335970748390536755e-05 2.677374482118466403e-07 6.928740913281217217e-05 9.498212933540344238e-01
1.270000000000000000e+05 9.207164453073346522e-07 2.322819227629224770e-06 1.780721140676178038e-05 2.233400437035015784e-06 1.283915626117959619e-04 1.243767383130034432e-05 3.509234147713868879e-06 7.693952647969126701e-05 2.765340241239755414e-06 3.404910330573329702e-06 1.991738463402725756e-05 3.284206513853860088e-06 1.186813824460841715e-04 1.243767383130034432e-05 3.509234147713868879e-06 7.693952647969126701e-05 9.501968026161193848e-01
1.280000000000000000e+05 1.912374045787146315e-07 4.057439539906226855e-08 3.323782493680482730e-06 1.177494141302304342e-06 5.046333058089658152e-07 4.388078025385766523e-07 1.640100322219950613e-07 2.448512823320925236e-04 1.959218707270338200e-06 1.218714515971441870e-07 5.301807505020406097e-06 2.386181449764990248e-06 5.626924917123687919e-07 4.388078025385766523e-07 1.640100322219950613e-07 2.448512823320925236e-04 9.499914646148681641e-01
1.290000000000000000e+05 1.279064747450320283e-07 3.139342297231451084e-08 3.194889814039925113e-06 1.045844555846997537e-06 1.319773900831933133e-06 8.340405474882572889e-05 2.541572428071958711e-07 3.809333429671823978e-04 1.567541744407208171e-06 1.046751236799536855e-07 5.025997779739554971e-06 2.175078861910151318e-06 1.326485175923153292e-06 8.340405474882572889e-05 2.541572428071958711e-07 3.809333429671823978e-04 9.503698348999023438e-01
