# step, loss_train, loss_test, metrics_test
0.000000000000000000e+00 1.945051879882812500e+02 6.169191598892211914e-01 1.301601953125000000e+04 2.572477795183658600e-02 6.191326522827148438e+01 5.380890502929687500e+02 3.533282130956649780e-02 2.868268013000488281e+01 2.622531738281250000e+02 1.450116515159606934e+00 1.106002636718750000e+04 2.699882723391056061e-02 5.313439941406250000e+01 5.380890502929687500e+02 3.533282130956649780e-02 2.868268013000488281e+01 8.302951049804687500e+01
1.000000000000000000e+03 3.396544372662901878e-03 4.937243065796792507e-04 6.317307706922292709e-03 8.179903030395507812e-02 2.540990011766552925e-03 1.946779317222535610e-03 4.329516366124153137e-02 4.063021764159202576e-02 7.706496864557266235e-03 6.795373628847301006e-04 3.390766307711601257e-02 9.391857683658599854e-02 5.271398648619651794e-02 1.946779317222535610e-03 4.329516366124153137e-02 4.063021764159202576e-02 4.377174973487854004e-01
2.000000000000000000e+03 2.699753502383828163e-03 9.513464756309986115e-03 7.381738629192113876e-03 4.386811517179012299e-03 5.086411833763122559e-01 2.496266970410943031e-03 5.533759947866201401e-03 1.168590877205133438e-02 8.492106571793556213e-03 1.054558251053094864e-02 2.724153362214565277e-02 5.228015128523111343e-03 4.469488263130187988e-01 2.496266970410943031e-03 5.533759947866201401e-03 1.168590877205133438e-02 6.482638120651245117e-01
3.000000000000000000e+03 2.137391595169901848e-03 1.860777556430548429e-04 2.500911708921194077e-03 1.945973257534205914e-03 4.884215304628014565e-04 1.567472936585545540e-04 2.189443330280482769e-04 2.322602085769176483e-03 8.042579516768455505e-03 5.374188767746090889e-04 5.037856474518775940e-02 1.141719706356525421e-02 1.791197434067726135e-02 1.567472936585545540e-04 2.189443330280482769e-04 2.322602085769176483e-03 3.712069690227508545e-01
4.000000000000000000e+03 1.630409969948232174e-03 9.175784362014383078e-05 2.152472967281937599e-03 9.802982676774263382e-04 8.084173314273357391e-04 5.247266017249785364e-05 1.094908802770078182e-04 1.380216330289840698e-03 6.755967624485492706e-03 3.427088668104261160e-04 5.594648420810699463e-02 1.038069557398557663e-02 1.145645231008529663e-02 5.247266017249785364e-05 1.094908802770078182e-04 1.380216330289840698e-03 3.374092578887939453e-01
5.000000000000000000e+03 1.442665467038750648e-03 1.084080067812465131e-04 1.273377216421067715e-03 4.957042983733117580e-04 1.880858035292476416e-04 9.917848365148529410e-05 1.041857030941173434e-04 9.067138307727873325e-04 6.364080589264631271e-03 2.304380905115976930e-04 5.725399032235145569e-02 9.263698011636734009e-03 7.099320180714130402e-03 9.917848365148529410e-05 1.041857030941173434e-04 9.067138307727873325e-04 3.239393830299377441e-01
6.000000000000000000e+03 8.309562108479440212e-04 6.510604871436953545e-04 1.144699566066265106e-02 4.943658132106065750e-04 2.026941068470478058e-02 9.565372020006179810e-04 9.241277439286932349e-05 4.543568938970565796e-03 4.556301049888134003e-03 5.660476745106279850e-04 5.799905955791473389e-02 6.780610419809818268e-03 2.156694792211055756e-02 9.565372020006179810e-04 9.241277439286932349e-05 4.543568938970565796e-03 2.651264667510986328e-01
7.000000000000000000e+03 8.396369521506130695e-04 2.209762351412791759e-05 2.145490609109401703e-03 4.767581704072654247e-04 7.042746292427182198e-04 5.916263398830778897e-05 8.371673902729526162e-05 1.656250329688191414e-03 4.886545706540346146e-03 1.092961974791251123e-04 3.982096537947654724e-02 5.458461586385965347e-03 3.834303235635161400e-03 5.916263398830778897e-05 8.371673902729526162e-05 1.656250329688191414e-03 2.758732140064239502e-01
8.000000000000000000e+03 8.974683005362749100e-04 3.593638757592998445e-05 6.447504274547100067e-04 6.840986316092312336e-04 7.272252696566283703e-05 5.028579107602126896e-05 1.273073721677064896e-04 3.647076955530792475e-04 5.141761153936386108e-03 6.059971201466396451e-05 3.115507215261459351e-02 4.847088363021612167e-03 2.192004816606640816e-03 5.028579107602126896e-05 1.273073721677064896e-04 3.647076955530792475e-04 2.914969325065612793e-01
9.000000000000000000e+03 1.561370212584733963e-03 6.319423846434801817e-05 8.648767136037349701e-03 7.029704865999519825e-04 2.181379357352852821e-03 2.260832674801349640e-02 1.053315645549446344e-04 2.711088862270116806e-03 5.336684640496969223e-03 7.457333413185551763e-05 3.167170286178588867e-02 3.793321549892425537e-03 3.417486557736992836e-03 2.260832674801349640e-02 1.053315645549446344e-04 2.711088862270116806e-03 3.443617224693298340e-01
1.000000000000000000e+04 5.828494322486221790e-04 8.290629921248182654e-05 8.291443809866905212e-03 1.803845982067286968e-03 2.259037690237164497e-03 1.294382382184267044e-03 1.223355939146131277e-04 1.095274761319160461e-01 3.518566023558378220e-03 1.188450769404880702e-04 3.577958792448043823e-02 7.842111401259899139e-03 2.927810419350862503e-03 1.294382382184267044e-03 1.223355939146131277e-04 1.095274761319160461e-01 2.453656047582626343e-01
1.100000000000000000e+04 6.352166528813540936e-04 1.018206694425316527e-05 3.702029935084283352e-04 5.585074541158974171e-04 2.571494405856356025e-05 6.058316212147474289e-04 1.878027687780559063e-04 6.331194308586418629e-04 3.653462044894695282e-03 2.289185067638754845e-05 2.161840349435806274e-02 5.339620634913444519e-03 8.004115661606192589e-04 6.058316212147474289e-04 1.878027687780559063e-04 6.331194308586418629e-04 2.604479789733886719e-01
1.200000000000000000e+04 5.381727823987603188e-04 7.361732059507630765e-06 4.623679851647466421e-04 6.725613493472337723e-04 6.056572601664811373e-06 9.267438872484490275e-05 1.977430365514010191e-04 3.960699832532554865e-04 3.367077559232711792e-03 1.692369733063969761e-05 1.808695122599601746e-02 4.661286249756813049e-03 6.549668032675981522e-04 9.267438872484490275e-05 1.977430365514010191e-04 3.960699832532554865e-04 2.499645799398422241e-01
1.300000000000000000e+04 3.811424830928444862e-04 3.954153362428769469e-05 3.763674059882760048e-03 1.592091866768896580e-03 4.037331091240048409e-04 5.074622458778321743e-04 1.488157868152484298e-04 1.288474723696708679e-02 2.589596435427665710e-03 7.493526209145784378e-05 1.620603539049625397e-02 4.408843349665403366e-03 7.399712339974939823e-04 5.074622458778321743e-04 1.488157868152484298e-04 1.288474723696708679e-02 2.132549136877059937e-01
1.400000000000000000e+04 4.117831413168460131e-04 7.564542102045379579e-06 2.053293166682124138e-03 5.283159553073346615e-04 1.676024257903918624e-04 2.768547832965850830e-01 2.062805724563077092e-04 6.301178038120269775e-02 2.747318940237164497e-03 1.529366272734478116e-05 1.442700810730457306e-02 3.914138767868280411e-03 6.494257831946015358e-04 2.768547832965850830e-01 2.062805724563077092e-04 6.301178038120269775e-02 2.269670963287353516e-01
1.500000000000000000e+04 6.331234471872448921e-04 1.349342619505478069e-05 1.730986172333359718e-03 1.034962828271090984e-03 4.918177146464586258e-04 2.785247517749667168e-03 3.358091053087264299e-04 1.640483038499951363e-03 2.130594337359070778e-03 2.346640940231736749e-05 1.319190766662359238e-02 3.537539625540375710e-03 9.999026078730821609e-04 2.785247517749667168e-03 3.358091053087264299e-04 1.640483038499951363e-03 2.142917215824127197e-01
1.600000000000000000e+04 2.493668580427765846e-04 4.755675945489201695e-06 1.528513093944638968e-04 4.204273573122918606e-04 4.360721050034044310e-06 5.217149155214428902e-04 1.280671131098642945e-04 3.789029433391988277e-04 1.937361434102058411e-03 1.117369902203790843e-05 8.722053840756416321e-03 2.195314038544893265e-03 4.347233625594526529e-04 5.217149155214428902e-04 1.280671131098642945e-04 3.789029433391988277e-04 1.848848909139633179e-01
1.700000000000000000e+04 2.171340020140632987e-04 4.423476639203727245e-06 1.453885488444939256e-04 3.546199877746403217e-04 6.081170795368961990e-06 5.273575661703944206e-04 1.346262433798983693e-04 2.309945411980152130e-04 1.638558693230152130e-03 9.573282113706227392e-06 6.615222897380590439e-03 1.596415997482836246e-03 4.248300392646342516e-04 5.273575661703944206e-04 1.346262433798983693e-04 2.309945411980152130e-04 1.688931137323379517e-01
1.800000000000000000e+04 2.009663148783147335e-04 7.566576823592185974e-05 1.350793638266623020e-03 8.868870791047811508e-04 4.183847922831773758e-03 3.279470372945070267e-03 3.037031274288892746e-04 2.209688303992152214e-03 1.425976748578250408e-03 8.027435978874564171e-05 5.600889213383197784e-03 1.900253817439079285e-03 4.096558317542076111e-03 3.279470372945070267e-03 3.037031274288892746e-04 2.209688303992152214e-03 1.593754887580871582e-01
1.900000000000000000e+04 3.873760579153895378e-03 3.024514298886060715e-04 1.190395466983318329e-02 4.486770182847976685e-02 1.078202389180660248e-03 6.679010693915188313e-04 2.245810581371188164e-03 1.729519665241241455e-02 4.988495726138353348e-03 4.525650874711573124e-04 3.283433616161346436e-02 4.991251602768898010e-02 3.162883454933762550e-03 6.679010693915188313e-04 2.245810581371188164e-03 1.729519665241241455e-02 3.046991825103759766e-01
2.000000000000000000e+04 1.224835752509534359e-03 5.204762055655010045e-05 1.879276591353118420e-03 1.415998442098498344e-03 4.368437803350389004e-04 6.462890451075509191e-05 3.872678207699209452e-04 5.009066662751138210e-04 2.519272267818450928e-03 8.457378862658515573e-05 3.958408534526824951e-02 1.563863456249237061e-02 2.383344108238816261e-03 6.462890451075509191e-05 3.872678207699209452e-04 5.009066662751138210e-04 2.038659155368804932e-01
2.100000000000000000e+04 5.730863776989281178e-04 1.617226662347093225e-04 6.763638230040669441e-04 1.182979671284556389e-03 6.737427785992622375e-03 5.147305782884359360e-03 1.667634496698155999e-04 2.226609940407797694e-04 1.764385029673576355e-03 1.556576171424239874e-04 4.218096658587455750e-02 1.343831792473793030e-02 6.573814898729324341e-03 5.147305782884359360e-03 1.667634496698155999e-04 2.226609940407797694e-04 1.855382323265075684e-01
2.200000000000000000e+04 2.645706408657133579e-04 1.396819716319441795e-03 1.356011256575584412e-03 8.577384869568049908e-04 1.119247302412986755e-01 2.487850142642855644e-03 9.066220809472724795e-05 2.391446847468614578e-03 1.095904735848307610e-03 2.336666919291019440e-03 3.407532721757888794e-02 8.827175013720989227e-03 9.274807572364807129e-02 2.487850142642855644e-03 9.066220809472724795e-05 2.391446847468614578e-03 2.751610577106475830e-01
2.300000000000000000e+04 1.758597063599154353e-04 1.037333368003601208e-05 1.184248481877148151e-03 5.580155411735177040e-04 1.341928844340145588e-03 2.082126960158348083e-02 5.341173891793005168e-05 9.462228626944124699e-04 1.019928138703107834e-03 5.314342706697061658e-05 2.153081260621547699e-02 4.593766760081052780e-03 1.633278443478047848e-03 2.082126960158348083e-02 5.341173891793005168e-05 9.462228626944124699e-04 1.295849382877349854e-01
2.400000000000000000e+04 1.027524849632754922e-04 5.843895451107528061e-06 1.829241751693189144e-03 3.386533935554325581e-04 5.988946650177240372e-04 3.168572904542088509e-03 4.347252979641780257e-05 1.349334255792200565e-03 1.056886278092861176e-03 2.541450157877989113e-05 1.252474077045917511e-02 2.231740858405828476e-03 9.701632079668343067e-04 3.168572904542088509e-03 4.347252979641780257e-05 1.349334255792200565e-03 1.189926266670227051e-01
2.500000000000000000e+04 1.135118873207829893e-04 6.864625902380794287e-06 2.033523778663948178e-04 2.014603669522330165e-04 7.407693192362785339e-05 3.020191797986626625e-04 4.516175977187231183e-05 1.506311236880719662e-04 1.188765629194676876e-03 1.077387787518091500e-05 5.808325950056314468e-03 9.647984988987445831e-04 4.590652824845165014e-04 3.020191797986626625e-04 4.516175977187231183e-05 1.506311236880719662e-04 1.318757534027099609e-01
2.600000000000000000e+04 8.009874727576971054e-05 4.629393515642732382e-06 2.851372351869940758e-03 3.162389912176877260e-04 4.705695391749031842e-05 5.499510839581489563e-02 3.082670809817500412e-05 1.068421360105276108e-02 9.552569244988262653e-04 1.020088348013814539e-05 6.594913545995950699e-03 7.766703492961823940e-04 3.697940846905112267e-04 5.499510839581489563e-02 3.082670809817500412e-05 1.068421360105276108e-02 1.091819852590560913e-01
2.700000000000000000e+04 6.804273289162665606e-05 5.683683866664068773e-06 4.420175682753324509e-03 4.987670108675956726e-04 1.891656138468533754e-04 5.364217981696128845e-02 2.974914605147205293e-05 1.740388385951519012e-02 7.283468730747699738e-04 1.039556718751555309e-05 8.481733500957489014e-03 1.188697642646729946e-03 4.626461013685911894e-04 5.364217981696128845e-02 2.974914605147205293e-05 1.740388385951519012e-02 9.316560626029968262e-02
2.800000000000000000e+04 8.649337542010471225e-05 3.054296939808409661e-06 5.763445733464322984e-05 1.964219263754785061e-04 1.242421058122999966e-05 1.956142114067915827e-05 3.456955528235994279e-05 9.522348409518599510e-05 8.654272533021867275e-04 7.166318482632050291e-06 2.583661349490284920e-03 5.420369561761617661e-04 3.171859716530889273e-04 1.956142114067915827e-05 3.456955528235994279e-05 9.522348409518599510e-05 1.141181662678718567e-01
2.900000000000000000e+04 6.760318501619622111e-05 2.811095782817574218e-06 2.159325667889788747e-04 2.319813793292269111e-04 9.757355655892752111e-06 2.358387969434261322e-02 2.151025182683952153e-05 5.271877162158489227e-03 7.132510072551667690e-04 4.807524874195223674e-06 1.991620752960443497e-03 4.965479602105915546e-04 3.346888406667858362e-04 2.358387969434261322e-02 2.151025182683952153e-05 5.271877162158489227e-03 1.037549674510955811e-01
3.000000000000000000e+04 5.916890586377121508e-05 2.504970780137227848e-06 5.790980867459438741e-05 2.059930848190560937e-04 1.155453446699539199e-05 1.018490549176931381e-02 2.467400190653279424e-05 6.338079110719263554e-04 6.333427736535668373e-04 4.561713012662949041e-06 1.505767926573753357e-03 4.842170164920389652e-04 3.622806689236313105e-04 1.018490549176931381e-02 2.467400190653279424e-05 6.338079110719263554e-04 9.880204498767852783e-02
3.100000000000000000e+04 4.319243089412339032e-05 2.959277708214358427e-06 4.395081487018615007e-05 2.214969135820865631e-04 8.402027560805436224e-06 4.252832848578691483e-03 2.865343594748992473e-05 4.708756750915199518e-04 4.585136193782091141e-04 4.588423053064616397e-06 1.151681528426706791e-03 4.792933468706905842e-04 3.891886735800653696e-04 4.252832848578691483e-03 2.865343594748992473e-05 4.708756750915199518e-04 8.466893434524536133e-02
3.200000000000000000e+04 2.449791354592889547e-04 1.296041155001148582e-04 1.008994760923087597e-03 1.185294799506664276e-02 3.608722181525081396e-04 5.712074926123023033e-05 4.950056900270283222e-04 5.988754797726869583e-03 1.530437963083386421e-03 3.119702741969376802e-04 2.422552928328514099e-02 1.770972646772861481e-02 7.997908396646380424e-04 5.712074926123023033e-05 4.950056900270283222e-04 5.988754797726869583e-03 1.416272073984146118e-01
3.300000000000000000e+04 2.096906391670927405e-04 3.328035018057562411e-05 3.283234254922717810e-04 3.738586383406072855e-04 8.934163633966818452e-05 5.323648292687721550e-05 1.875517773441970348e-04 3.466168709564954042e-04 1.252646441571414471e-03 1.248557091457769275e-04 1.333230081945657730e-02 3.675753250718116760e-03 6.812041392549872398e-04 5.323648292687721550e-05 1.875517773441970348e-04 3.466168709564954042e-04 1.137392669916152954e-01
3.400000000000000000e+04 1.713242381811141968e-04 1.328640610154252499e-05 1.790822861948981881e-04 2.384420804446563125e-04 6.267811113502830267e-05 3.489288501441478729e-04 6.283298716880381107e-05 2.398607612121850252e-04 9.545119246467947960e-04 8.318179607158526778e-05 4.836063832044601440e-03 1.724813948385417461e-03 5.095420056022703648e-04 3.489288501441478729e-04 6.283298716880381107e-05 2.398607612121850252e-04 1.029629781842231750e-01
3.500000000000000000e+04 9.674871398601680994e-05 5.242794031801167876e-06 1.391805271850898862e-04 1.654642837820574641e-04 4.382519909995608032e-05 1.669417360972147435e-05 2.098507502523716539e-05 8.311840792885050178e-05 6.545064970850944519e-04 6.805823795730248094e-05 1.550681656226515770e-03 4.590782918967306614e-04 4.325201443862169981e-04 1.669417360972147435e-05 2.098507502523716539e-05 8.311840792885050178e-05 8.805227279663085938e-02
3.600000000000000000e+04 5.334188244887627661e-05 3.692162408697186038e-06 6.850745558040216565e-05 1.235570234712213278e-04 3.019528776349034160e-05 3.241721788072027266e-05 1.212401457451051101e-05 6.188297265907749534e-05 5.329247214831411839e-04 6.334261706797406077e-05 1.335448236204683781e-03 2.282102359458804131e-04 4.538164939731359482e-04 3.241721788072027266e-05 1.212401457451051101e-05 6.188297265907749534e-05 8.283409476280212402e-02
3.700000000000000000e+04 3.063994881813414395e-05 5.477058948599733412e-06 3.457157581578940153e-04 1.647828466957435012e-04 3.711879253387451172e-04 4.060334322275593877e-05 1.339886875939555466e-05 6.627617403864860535e-04 4.136184579692780972e-04 7.204717985587194562e-05 1.857844879850745201e-03 3.682996612042188644e-04 8.569576311856508255e-04 4.060334322275593877e-05 1.339886875939555466e-05 6.627617403864860535e-04 6.751336157321929932e-02
3.800000000000000000e+04 5.859681186848320067e-05 2.515331743779825047e-06 1.330692903138697147e-03 2.720007614698261023e-04 2.321361534995958209e-05 2.973080845549702644e-03 2.112972470058593899e-05 3.630253777373582125e-04 5.169416544958949089e-04 4.890418495051562786e-05 2.017599297687411308e-03 4.770043306052684784e-04 4.599350795615464449e-04 2.973080845549702644e-03 2.112972470058593899e-05 3.630253777373582125e-04 9.474411606788635254e-02
3.900000000000000000e+04 2.472526284691412002e-05 1.609960122550546657e-06 9.070467785932123661e-05 2.860928943846374750e-04 4.515251930570229888e-05 2.471764804795384407e-03 2.010261050600092858e-05 2.596777048893272877e-04 3.186910471413284540e-04 1.954298568307422101e-05 1.110162702389061451e-03 5.466879811137914658e-04 3.957604349125176668e-04 2.471764804795384407e-03 2.010261050600092858e-05 2.596777048893272877e-04 6.784802675247192383e-02
4.000000000000000000e+04 1.487469035055255517e-05 5.562595561059424654e-06 1.041254581650719047e-04 2.363652311032637954e-04 2.440056705381721258e-04 5.472711753100156784e-03 2.211097307736054063e-05 2.661431906744837761e-03 1.935215113917365670e-04 1.674087798164691776e-05 1.032204017974436283e-03 4.742484888993203640e-04 4.977093776687979698e-04 5.472711753100156784e-03 2.211097307736054063e-05 2.661431906744837761e-03 5.451843142509460449e-02
4.100000000000000000e+04 1.178049478767206892e-05 1.559977818033075891e-06 9.364849393023177981e-05 1.800635654944926500e-04 3.347745632709120400e-06 2.366058615734800696e-04 2.573385245341341943e-05 5.521893035620450974e-04 1.607281883480027318e-04 3.709506927407346666e-06 9.511434473097324371e-04 4.254032974131405354e-04 2.648677036631852388e-04 2.366058615734800696e-04 2.573385245341341943e-05 5.521893035620450974e-04 4.659629985690116882e-02
4.200000000000000000e+04 2.190826126025058329e-05 1.977686906684539281e-06 7.716591790085658431e-05 2.284422662341967225e-04 3.772795025724917650e-06 4.667822737246751785e-03 2.816363485180772841e-05 6.472922861576080322e-03 1.527978893136605620e-04 5.649655577144585550e-06 8.065241854637861252e-04 4.521817609202116728e-04 2.356470795348286629e-04 4.667822737246751785e-03 2.816363485180772841e-05 6.472922861576080322e-03 5.206089839339256287e-02
4.300000000000000000e+04 8.955594239523634315e-06 1.616565782569523435e-06 1.909636557684279978e-05 1.817596057662740350e-04 3.085651997025706805e-06 1.856765884440392256e-04 2.509832120267674327e-05 5.573860471486113966e-05 8.819367940304800868e-05 8.043399247981142253e-06 6.378735415637493134e-04 3.939846064895391464e-04 2.358129859203472733e-04 1.856765884440392256e-04 2.509832120267674327e-05 5.573860471486113966e-05 3.638571873307228088e-02
4.400000000000000000e+04 6.576535270141903311e-06 1.607882154530670960e-06 2.608340582810342312e-05 1.865666708908975124e-04 1.701231667539104819e-05 2.326448448002338409e-02 2.985336504934821278e-05 6.253435742110013962e-03 8.285346848424524069e-05 5.476809747051447630e-06 4.076337208971381187e-04 3.576721937861293554e-04 2.283358480781316757e-04 2.326448448002338409e-02 2.985336504934821278e-05 6.253435742110013962e-03 3.545563668012619019e-02
4.500000000000000000e+04 4.352928499429253861e-06 2.006644763241638429e-06 8.898425221559591591e-06 1.229492045240476727e-04 2.918529617090825923e-06 6.287693395279347897e-06 2.832828977261669934e-05 5.044806675869040191e-05 4.680048368754796684e-05 3.862268840748583898e-06 2.708598622120916843e-04 2.462828124407678843e-04 2.102475409628823400e-04 6.287693395279347897e-06 2.832828977261669934e-05 5.044806675869040191e-05 2.683708630502223969e-02
4.600000000000000000e+04 2.701794301174231805e-06 1.495254423389269505e-06 1.186141980724642053e-05 1.589058665558695793e-04 2.031639951383112930e-06 1.182488904305500910e-05 2.419478005322162062e-05 1.241675054188817739e-04 3.285663478891365230e-05 3.111032128799706697e-06 1.817477605072781444e-04 2.918085374403744936e-04 1.932868617586791515e-04 1.182488904305500910e-05 2.419478005322162062e-05 1.241675054188817739e-04 2.108656242489814758e-02
4.700000000000000000e+04 6.727725267410278320e-04 2.473189961165189743e-04 5.891835782676935196e-03 1.823568716645240784e-02 1.637407811358571053e-03 1.183733227662742138e-03 8.936439990065991879e-04 8.500833064317703247e-03 9.279417572543025017e-04 3.709343727678060532e-04 2.851297892630100250e-02 2.137228287756443024e-02 8.345604874193668365e-03 1.183733227662742138e-03 8.936439990065991879e-04 8.500833064317703247e-03 8.321990072727203369e-02
4.800000000000000000e+04 5.121015783515758812e-05 8.396036719204857945e-05 5.697707092622295022e-05 2.380252262810245156e-04 9.517943544778972864e-05 2.650492933753412217e-05 3.618493792600929737e-05 1.405506482115015388e-04 7.169930904638022184e-05 1.915596658363938332e-04 5.376547924242913723e-04 3.775203076656907797e-04 9.597743046469986439e-04 2.650492933753412217e-05 3.618493792600929737e-05 1.405506482115015388e-04 2.286323346197605133e-02
4.900000000000000000e+04 2.459333700244314969e-05 3.755413854378275573e-05 4.518022979027591646e-05 1.032033324008807540e-04 5.078984395368024707e-05 3.014090543729253113e-05 6.703528470097808167e-06 7.855245348764583468e-05 2.995237628056202084e-05 8.370482828468084335e-05 2.342528459848836064e-04 1.676324754953384399e-04 7.636183290742337704e-04 3.014090543729253113e-05 6.703528470097808167e-06 7.855245348764583468e-05 1.812418922781944275e-02
5.000000000000000000e+04 1.701315522950608283e-05 1.313541361014358699e-05 2.981106263177935034e-05 8.228149090427905321e-05 1.979716762434691191e-05 1.126367624237900600e-05 3.337267798997345380e-06 5.753009463660418987e-05 2.612605931062716991e-05 2.143273013643920422e-05 1.861470664152875543e-04 1.315536646870896220e-04 3.891137894243001938e-04 1.126367624237900600e-05 3.337267798997345380e-06 5.753009463660418987e-05 1.370883174240589142e-02
5.100000000000000000e+04 2.112446782120969146e-05 2.659837809915188700e-05 1.454298762837424874e-04 1.217404715134762228e-04 7.457720930688083172e-04 2.652087481692433357e-03 2.868250021492713131e-06 1.381337526254355907e-03 4.773923137690871954e-05 2.610722731333225965e-05 3.106960793957114220e-04 2.202305768150836229e-04 8.483925485052168369e-04 2.652087481692433357e-03 2.868250021492713131e-06 1.381337526254355907e-03 2.750970236957073212e-02
5.200000000000000000e+04 1.451051139156334102e-05 2.168568789784330875e-05 1.879344563349150121e-05 1.185137225547805429e-04 1.027718768455088139e-03 3.928847581846639514e-05 3.623815928222029470e-06 6.961534381844103336e-05 3.249773362767882645e-05 3.275329072494059801e-05 1.588868763064965606e-04 1.895767345558851957e-04 9.919947478920221329e-04 3.928847581846639514e-05 3.623815928222029470e-06 6.961534381844103336e-05 2.751033380627632141e-02
5.300000000000000000e+04 1.080247420759405941e-05 6.411920821847161278e-06 1.455448546039406210e-05 1.253822410944849253e-04 5.921176489209756255e-05 8.404330401390325278e-06 3.644680191428051330e-06 9.760125976754352450e-05 2.510976810299325734e-05 1.108491051127202809e-05 1.544472761452198029e-04 1.961929083336144686e-04 1.438056642655283213e-04 8.404330401390325278e-06 3.644680191428051330e-06 9.760125976754352450e-05 1.493927370756864548e-02
5.400000000000000000e+04 8.727330168767366558e-06 4.269104010745650157e-06 3.340353941894136369e-05 1.409886899637058377e-04 2.554924867581576109e-05 4.569341763271950185e-05 4.882907433056971058e-06 1.012691354844719172e-04 2.411797504464630038e-05 7.793399163347203285e-06 1.393232960253953934e-04 2.215694548794999719e-04 1.152850381913594902e-04 4.569341763271950185e-05 4.882907433056971058e-06 1.012691354844719172e-04 1.729164086282253265e-02
5.500000000000000000e+04 5.809598405903670937e-06 3.397601403776207007e-06 2.707536332309246063e-04 2.377599739702418447e-04 7.792253745719790459e-05 1.042704214341938496e-03 6.444909558922518045e-06 2.723975107073783875e-03 1.816278563637752086e-05 7.464717327820835635e-06 3.568858082871884108e-04 2.692142443265765905e-04 1.739679573802277446e-04 1.042704214341938496e-03 6.444909558922518045e-06 2.723975107073783875e-03 1.167052518576383591e-02
5.600000000000000000e+04 3.363429414093843661e-06 9.712184692034497857e-07 2.061638406303245574e-05 1.735270925564691424e-04 1.341415440947457682e-06 1.989793818211182952e-04 4.896621248917654157e-06 1.178409438580274582e-03 1.715595681162085384e-05 1.772112000253400765e-06 9.997437882702797651e-05 2.918760292232036591e-04 1.475429307902231812e-04 1.989793818211182952e-04 4.896621248917654157e-06 1.178409438580274582e-03 1.629309915006160736e-02
5.700000000000000000e+04 3.658708237708196975e-06 7.553382488367788028e-07 1.600674841029103845e-05 1.056066903402097523e-04 7.326781087613198906e-06 5.072904241387732327e-05 9.115879947785288095e-06 8.269528188975527883e-05 2.704359576455317438e-05 2.504076064724358730e-06 8.368965063709765673e-05 1.972758764168247581e-04 1.538518263259902596e-04 5.072904241387732327e-05 9.115879947785288095e-06 8.269528188975527883e-05 1.692285388708114624e-02
5.800000000000000000e+04 4.422636266099289060e-06 6.934960765647701919e-07 1.082748349290341139e-05 1.079753419617190957e-04 2.737333261393359862e-06 9.854089148575440049e-05 1.087898453988600522e-05 3.474654658930376172e-05 2.804956966429017484e-05 1.586333610248402692e-06 9.523836342850700021e-05 2.155869442503899336e-04 1.351165265077725053e-04 9.854089148575440049e-05 1.087898453988600522e-05 3.474654658930376172e-05 1.741821318864822388e-02
5.900000000000000000e+04 1.972010359168052673e-04 1.077834094758145511e-04 4.436594899743795395e-04 3.820849233306944370e-04 5.309805055730976164e-05 1.322990010521607473e-05 7.389570819213986397e-04 8.364146342501044273e-04 4.733582318294793367e-04 2.376963966526091099e-04 1.813937909901142120e-03 9.592700516805052757e-04 1.479487051256000996e-03 1.322990010521607473e-05 7.389570819213986397e-04 8.364146342501044273e-04 7.665940374135971069e-02
6.000000000000000000e+04 4.220797563903033733e-05 6.669916183454915881e-05 4.962150342180393636e-05 3.825810563284903765e-04 4.209486723993904889e-05 5.023841932415962219e-02 3.033537941519171000e-04 2.618034195620566607e-04 1.809103705454617739e-04 1.355449930997565389e-04 2.344214124605059624e-03 9.565402870066463947e-04 9.647388360463082790e-04 5.023841932415962219e-02 3.033537941519171000e-04 2.618034195620566607e-04 5.175530910491943359e-02
6.100000000000000000e+04 2.609875446069054306e-05 3.813883813563734293e-05 1.168304806924425066e-04 3.057536669075489044e-04 4.501160219660960138e-05 2.762476168572902679e-02 1.053364176186732948e-04 1.436471502529457211e-04 8.130347850965335965e-05 6.632306758547201753e-05 1.435736659914255142e-03 8.117482066154479980e-04 5.259108729660511017e-04 2.762476168572902679e-02 1.053364176186732948e-04 1.436471502529457211e-04 3.331371396780014038e-02
6.200000000000000000e+04 8.902191439119633287e-06 1.934663669089786708e-05 1.104809707612730563e-04 2.166749618481844664e-04 4.146489663980901241e-05 1.419645547866821289e-02 2.383690662099979818e-05 1.061752482200972736e-04 2.974099515995476395e-05 3.263137841713614762e-05 6.206618272699415684e-04 3.508783120196312666e-04 3.283254918642342091e-04 1.419645547866821289e-02 2.383690662099979818e-05 1.061752482200972736e-04 1.895172521471977234e-02
6.300000000000000000e+04 4.288871423341333866e-06 1.738934588502161205e-05 9.762374247657135129e-05 1.837168238125741482e-04 2.662406768649816513e-05 6.313261110335588455e-06 3.966699296142905951e-06 1.410235272487625480e-04 1.112901281885569915e-05 2.094397859764285386e-05 3.535016148816794157e-04 2.705273218452930450e-04 2.717767783906310797e-04 6.313261110335588455e-06 3.966699296142905951e-06 1.410235272487625480e-04 1.074763759970664978e-02
6.400000000000000000e+04 2.399293407506775111e-06 1.329347833234351128e-05 5.123607843415811658e-05 1.689007040113210678e-04 2.697298623388633132e-05 2.689761458896100521e-05 2.172776248698937707e-06 1.291094231419265270e-04 9.189010597765445709e-06 1.654234984016511589e-05 2.304510562680661678e-04 2.438552328385412693e-04 2.738405892159789801e-04 2.689761458896100521e-05 2.172776248698937707e-06 1.291094231419265270e-04 1.043427083641290665e-02
6.500000000000000000e+04 3.107870270468993112e-06 1.005299964162986726e-05 9.415211025043390691e-06 1.543661492178216577e-04 1.850870285124983639e-05 4.633199750969652086e-06 1.536470790597377345e-06 8.499905379721894860e-05 1.564292506373021752e-05 1.262211753783049062e-05 1.595388457644730806e-04 2.232754195574671030e-04 2.642558247316628695e-04 4.633199750969652086e-06 1.536470790597377345e-06 8.499905379721894860e-05 1.586106233298778534e-02
6.600000000000000000e+04 2.269652441100333817e-06 6.223604941624216735e-06 6.178343028295785189e-05 2.014311030507087708e-04 2.019600833591539413e-05 1.282022712985053658e-04 1.423020989932410885e-06 2.523967705201357603e-04 1.143538520409492776e-05 7.208385341073153540e-06 1.826770312618464231e-04 3.035539120901376009e-04 2.693097630981355906e-04 1.282022712985053658e-04 1.423020989932410885e-06 2.523967705201357603e-04 1.207646075636148453e-02
6.700000000000000000e+04 4.642327894543996081e-06 4.345209617895307019e-06 1.127474533859640360e-04 1.491716975579038262e-04 7.836545591999311000e-06 5.638779257424175739e-04 4.963385890732752159e-06 1.919333153637126088e-04 2.471688094374258071e-05 5.186605903872987255e-06 2.152790548279881477e-04 2.398424112470820546e-04 2.613819669932126999e-04 5.638779257424175739e-04 4.963385890732752159e-06 1.919333153637126088e-04 2.002553828060626984e-02
6.800000000000000000e+04 3.382029490239801817e-06 7.355206435022410005e-06 3.930780076188966632e-05 1.226100430358201265e-04 3.071475366596132517e-04 7.449708937201648951e-05 2.326008825548342429e-06 3.721456159837543964e-04 2.394955845375079662e-05 9.489893272984772921e-06 8.952479402069002390e-05 1.981104578590020537e-04 4.731417575385421515e-04 7.449708937201648951e-05 2.326008825548342429e-06 3.721456159837543964e-04 1.940524764358997345e-02
6.900000000000000000e+04 3.198845661245286465e-06 1.490336671849945560e-06 7.332965651585254818e-06 1.043558659148402512e-04 8.655697456561028957e-06 5.296099971019430086e-06 3.598245029934332706e-06 4.407553569762967527e-05 2.738971124927047640e-05 2.602406993901240639e-06 4.276503750588744879e-05 2.009316813200712204e-04 2.347381960134953260e-04 5.296099971019430086e-06 3.598245029934332706e-06 4.407553569762967527e-05 1.758786477148532867e-02
7.000000000000000000e+04 3.131741550532751717e-06 1.074136775969236623e-06 6.048447175999172032e-06 9.726481221150606871e-05 1.961763928193249740e-06 5.453002522699534893e-04 5.958579095022287220e-06 9.319836681243032217e-05 2.689481880224775523e-05 2.027323034781147726e-06 3.695249324664473534e-05 1.873535366030409932e-04 2.230569371022284031e-04 5.453002522699534893e-04 5.958579095022287220e-06 9.319836681243032217e-05 1.802784390747547150e-02
7.100000000000000000e+04 3.282874786236789078e-06 6.984911919971636962e-07 2.525800846342463046e-05 9.352622146252542734e-05 1.415301358065335080e-05 1.135904691182076931e-03 1.004409205052070320e-05 3.379139889148063958e-05 2.871456672437489033e-05 2.542369657021481544e-06 5.805642285849899054e-05 1.789929083315655589e-04 2.134587703039869666e-04 1.135904691182076931e-03 1.004409205052070320e-05 3.379139889148063958e-05 1.862826384603977203e-02
7.200000000000000000e+04 2.666527279870933853e-06 7.466980491699359845e-07 5.727390544052468613e-06 6.995906733209267259e-05 1.983518586712307297e-06 2.047214366029947996e-05 9.953276276064570993e-06 5.626592974294908345e-05 2.607218630146235228e-05 2.883523166019585915e-06 5.214938937569968402e-05 1.241743302671238780e-04 1.847148087108507752e-04 2.047214366029947996e-05 9.953276276064570993e-06 5.626592974294908345e-05 1.778295822441577911e-02
7.300000000000000000e+04 5.384384712669998407e-05 1.440954947611317039e-04 1.437987957615405321e-04 6.954271229915320873e-04 4.576467836159281433e-05 2.853028672689106315e-05 2.054520155070349574e-04 4.952302551828324795e-04 1.997828949242830276e-04 4.289838252589106560e-04 1.049510203301906586e-02 2.164902165532112122e-03 7.669685874134302139e-03 2.853028672689106315e-05 2.054520155070349574e-04 4.952302551828324795e-04 5.248471349477767944e-02
7.400000000000000000e+04 4.544277544482611120e-05 6.336587830446660519e-05 7.817416917532682419e-05 3.055609413422644138e-04 1.944620089489035308e-05 9.993068488256540149e-06 6.290137389441952109e-05 2.626519999466836452e-04 1.512297312729060650e-04 1.769061491359025240e-04 3.543308470398187637e-03 9.881611913442611694e-04 2.533006714656949043e-03 9.993068488256540149e-06 6.290137389441952109e-05 2.626519999466836452e-04 3.575336188077926636e-02
7.500000000000000000e+04 4.043559601996093988e-05 2.755523564701434225e-05 5.538990444620139897e-05 2.343740488868206739e-04 2.060212136711925268e-05 1.644458097871392965e-05 2.537725049478467554e-05 1.138823063229210675e-04 1.096669438993558288e-04 6.409392517525702715e-05 2.038128208369016647e-03 7.255926029756665230e-04 4.570698656607419252e-04 1.644458097871392965e-05 2.537725049478467554e-05 1.138823063229210675e-04 2.490484714508056641e-02
7.600000000000000000e+04 2.751658757915720344e-05 1.503369549027411267e-05 3.031894084415398538e-05 1.785917702363803983e-04 3.513683623168617487e-05 1.411467557772994041e-03 1.078970399248646572e-05 9.579972538631409407e-05 5.720230910810641944e-05 3.251004818594083190e-05 1.014991896227002144e-03 4.796017892658710480e-04 1.314356486545875669e-04 1.411467557772994041e-03 1.078970399248646572e-05 9.579972538631409407e-05 1.874294690787792206e-02
7.700000000000000000e+04 1.627442179596982896e-05 1.029661325446795672e-05 2.711072920646984130e-05 1.656419335631653666e-04 3.482403917587362230e-05 1.334962144028395414e-04 8.147067092068027705e-06 4.554372208076529205e-05 2.665034480742178857e-05 2.116117502737324685e-05 4.420591285452246666e-04 3.550139081198722124e-04 1.645419106353074312e-04 1.334962144028395414e-04 8.147067092068027705e-06 4.554372208076529205e-05 1.545073091983795166e-02
7.800000000000000000e+04 7.790577910782303661e-06 6.633426437474554405e-06 2.120925455528777093e-05 1.282080484088510275e-04 1.296879781875759363e-05 1.155469999503111467e-05 5.911371317779412493e-06 8.496944792568683624e-05 1.256100313185015693e-05 1.311045252805342898e-05 1.134074773290194571e-04 2.082271093968302011e-04 1.607335725566372275e-04 1.155469999503111467e-05 5.911371317779412493e-06 8.496944792568683624e-05 1.232830807566642761e-02
7.900000000000000000e+04 6.754845799150643870e-06 4.394835286802845076e-06 3.499249942251481116e-05 1.016411260934546590e-04 2.405837585683912039e-05 7.590225322928745300e-06 6.483805918833240867e-06 7.405595533782616258e-05 1.141006578109227121e-05 9.332808986073359847e-06 1.113903708755970001e-04 1.667875912971794605e-04 1.980096276383846998e-04 7.590225322928745300e-06 6.483805918833240867e-06 7.405595533782616258e-05 1.563979871571063995e-02
8.000000000000000000e+04 3.430645392654696479e-06 2.755598870862741023e-06 1.079283629223937169e-05 1.075631516869179904e-04 1.248169701284496114e-05 2.883192850276827812e-03 8.574354978918563575e-06 2.716690360102802515e-04 6.956533979973755777e-06 7.658896720386110246e-06 1.321583258686587214e-04 1.414675061823800206e-04 1.800127647584304214e-04 2.883192850276827812e-03 8.574354978918563575e-06 2.716690360102802515e-04 1.206419896334409714e-02
8.100000000000000000e+04 2.832977770594879985e-06 5.306942512106616050e-06 1.156335201812908053e-05 9.078878792934119701e-05 1.564942795084789395e-05 1.524900086224079132e-02 1.796433207346126437e-05 3.108703822363168001e-04 9.112049156101420522e-06 1.182956657430622727e-05 2.778113412205129862e-04 1.419643085682764649e-04 1.905491953948512673e-04 1.524900086224079132e-02 1.796433207346126437e-05 3.108703822363168001e-04 1.352080237120389938e-02
8.200000000000000000e+04 3.101207767031155527e-06 1.891108922791318037e-06 8.618489118816796690e-06 8.122993313008919358e-05 4.176557922619394958e-06 6.823012427048524842e-06 1.019852697936585173e-05 5.349443745217286050e-05 1.264595812244806439e-05 6.253812898648902774e-06 1.648123434279114008e-04 1.443282089894637465e-04 1.453449513064697385e-04 6.823012427048524842e-06 1.019852697936585173e-05 5.349443745217286050e-05 1.435626763850450516e-02
8.300000000000000000e+04 2.302910161233739927e-06 1.706265265966067091e-06 9.422263246960937977e-06 6.583610957022756338e-05 2.212100980614195578e-06 1.911221261252649128e-05 1.131976569013204426e-05 4.179699681117199361e-05 1.074660576705355197e-05 6.633184057136531919e-06 1.908768899738788605e-04 1.179342216346412897e-04 1.239749544765800238e-04 1.911221261252649128e-05 1.131976569013204426e-05 4.179699681117199361e-05 1.297809742391109467e-02
8.400000000000000000e+04 1.323931769547925796e-06 1.235482613992644474e-06 3.008255225722678006e-05 2.212027029599994421e-04 2.357913899686536752e-06 3.631353320088237524e-04 1.343449912383221090e-05 5.081371869891881943e-03 6.427282642107456923e-06 4.286723196855746210e-06 2.433789632050320506e-04 2.991511719301342964e-04 1.392656995449215174e-04 3.631353320088237524e-04 1.343449912383221090e-05 5.081371869891881943e-03 9.993543848395347595e-03
8.500000000000000000e+04 1.899461494758725166e-06 8.956455417319375556e-07 6.950226634216960520e-06 6.169973494252189994e-05 1.120462115977716167e-06 4.554490260488819331e-06 1.037430047290399671e-05 6.156516610644757748e-05 1.306803005718393251e-05 2.598017317723133601e-06 1.995121710933744907e-04 1.328071084572002292e-04 1.218082397826947272e-04 4.554490260488819331e-06 1.037430047290399671e-05 6.156516610644757748e-05 1.370509527623653412e-02
8.600000000000000000e+04 1.964410330401733518e-04 2.634312659210991114e-05 2.744421944953501225e-04 1.229757792316377163e-03 3.035536610695999116e-05 3.044380537176039070e-05 1.073081220965832472e-04 2.912613854277879000e-04 4.267445474397391081e-04 7.313828245969489217e-05 6.806318648159503937e-03 2.069679321721196175e-03 5.911237676627933979e-04 3.044380537176039070e-05 1.073081220965832472e-04 2.912613854277879000e-04 3.666626289486885071e-02
8.700000000000000000e+04 6.648944690823554993e-05 1.207465174957178533e-05 7.661183917662128806e-05 2.390492591075599194e-04 4.169169551460072398e-05 5.203113232710165903e-06 5.804220563732087612e-05 8.274584979517385364e-05 1.617184898350387812e-04 4.091161827091127634e-05 9.073479101061820984e-03 1.045362558215856552e-03 4.359898448456078768e-04 5.203113232710165903e-06 5.804220563732087612e-05 8.274584979517385364e-05 2.625907212495803833e-02
8.800000000000000000e+04 4.329655712353996933e-05 8.848595825838856399e-06 3.339345494168810546e-05 8.518329559592530131e-05 2.466501064191106707e-05 7.511420790251577273e-06 2.538217813707888126e-05 5.386522025219164789e-05 1.135176717070862651e-04 3.292233304819092155e-05 3.983327187597751617e-03 4.173588240519165993e-04 3.126336378045380116e-04 7.511420790251577273e-06 2.538217813707888126e-05 5.386522025219164789e-05 2.654353901743888855e-02
8.900000000000000000e+04 2.727910396060906351e-05 7.293952876352705061e-06 1.950766636582557112e-05 4.349272421677596867e-05 1.696492108749225736e-05 8.666715984873007983e-06 8.220389645430259407e-06 2.762680742307566106e-05 8.219307346735149622e-05 2.774913264147471637e-05 1.079384819604456425e-03 1.185597648145630956e-04 2.057259989669546485e-04 8.666715984873007983e-06 8.220389645430259407e-06 2.762680742307566106e-05 2.594345062971115112e-02
9.000000000000000000e+04 1.788369263522326946e-05 6.450320142903365195e-06 1.621922638150863349e-05 3.385863601579330862e-05 1.157849510491359979e-05 2.089282679662574083e-05 4.178152721578953788e-06 3.350595216033980250e-05 6.999076867941766977e-05 2.783105628623161465e-05 2.830732846632599831e-04 5.625893390970304608e-05 1.752746757119894028e-04 2.089282679662574083e-05 4.178152721578953788e-06 3.350595216033980250e-05 2.750295959413051605e-02
9.100000000000000000e+04 1.225783034897176549e-05 4.550183803075924516e-06 9.877532647806219757e-06 4.302586967241950333e-05 9.412343388248700649e-06 2.157575363526120782e-05 3.249366727686719969e-06 7.914320303825661540e-05 5.505121953319758177e-05 2.315382334927562624e-05 1.173115379060618579e-04 8.096708188531920314e-05 1.714225509203970432e-04 2.157575363526120782e-05 3.249366727686719969e-06 7.914320303825661540e-05 2.641088329255580902e-02
9.200000000000000000e+04 1.208785124617861584e-05 3.782719659284339286e-06 8.375994366360828280e-05 5.009800952393561602e-05 3.731864489964209497e-05 1.165926551038865000e-05 2.773135292954975739e-06 6.641734216827899218e-05 5.662634066538885236e-05 1.311062533204676583e-05 1.633937645237892866e-04 9.164893708657473326e-05 1.625804434297606349e-04 1.165926551038865000e-05 2.773135292954975739e-06 6.641734216827899218e-05 3.038326278328895569e-02
9.300000000000000000e+04 6.797954029025277123e-06 1.318703425567946397e-06 1.987579707929398865e-05 4.220194023218937218e-05 2.660743803062359802e-06 2.317562903044745326e-04 2.488430936864460818e-06 3.416035906411707401e-05 4.234623702359385788e-05 4.033888217236381024e-06 1.219281184603460133e-04 8.708341192686930299e-05 1.183608474093489349e-04 2.317562903044745326e-04 2.488430936864460818e-06 3.416035906411707401e-05 2.624597027897834778e-02
9.400000000000000000e+04 3.375782398506999016e-06 1.205187800223939121e-06 5.629614861391019076e-06 4.961604281561449170e-05 8.101321327558252960e-06 1.022046417347155511e-04 3.878980351146310568e-06 6.257761560846120119e-05 3.091305552516132593e-05 3.212194769730558619e-06 1.421893975930288434e-04 9.721798414830118418e-05 1.039158232742920518e-04 1.022046417347155511e-04 3.878980351146310568e-06 6.257761560846120119e-05 2.144794538617134094e-02
9.500000000000000000e+04 3.679799874589662068e-06 1.050383502843033057e-06 7.550399459432810545e-06 5.442093970486894250e-05 1.177043668576516211e-05 1.193783245980739594e-04 4.610903943103039637e-06 6.864593888167291880e-05 3.100108006037771702e-05 2.376649490543059073e-06 1.474215241614729166e-04 1.125155904446728528e-04 8.663268090458586812e-05 1.193783245980739594e-04 4.610903943103039637e-06 6.864593888167291880e-05 2.043725363910198212e-02
9.600000000000000000e+04 1.820157631300389767e-04 3.071329265367239714e-04 8.949851617217063904e-04 4.621408879756927490e-03 9.614216978661715984e-04 4.782250834978185594e-05 1.579247997142374516e-03 1.885724952444434166e-03 6.722944090142846107e-04 3.201315703336149454e-04 2.647642744705080986e-03 5.520893726497888565e-03 1.796359755098819733e-02 4.782250834978185594e-05 1.579247997142374516e-03 1.885724952444434166e-03 1.026518568396568298e-01
9.700000000000000000e+04 2.567967021604999900e-05 5.598979987553320825e-05 1.460698549635708332e-04 5.341163487173616886e-04 3.687995194923132658e-05 2.334516284463461488e-05 5.878924639546312392e-05 1.598540256964042783e-04 4.505907054408453405e-05 6.548257078975439072e-05 4.064301028847694397e-04 7.629023166373372078e-04 1.316365436650812626e-03 2.334516284463461488e-05 5.878924639546312392e-05 1.598540256964042783e-04 3.218395635485649109e-02
9.800000000000000000e+04 8.192151653929613531e-06 1.397628966515185311e-05 4.546832496998831630e-05 3.175351594109088182e-04 1.233883995155338198e-05 1.363481260341359302e-05 2.868698720703832805e-05 7.370761159108951688e-05 4.250313577358610928e-05 2.265315379190724343e-05 2.453766937833279371e-04 4.762131429743021727e-04 2.470585168339312077e-04 1.363481260341359302e-05 2.868698720703832805e-05 7.370761159108951688e-05 2.620793879032135010e-02
9.900000000000000000e+04 8.367427653865888715e-06 5.913916993449674919e-06 1.377372427668888122e-05 1.279434654861688614e-04 2.851907993317581713e-05 1.854880712926387787e-03 1.330005943600554019e-05 5.333060471457429230e-05 5.493920980370603502e-05 1.395123126712860540e-05 1.451876305509358644e-04 2.129782078554853797e-04 1.960591907845810056e-04 1.854880712926387787e-03 1.330005943600554019e-05 5.333060471457429230e-05 2.658828720450401306e-02
1.000000000000000000e+05 7.088102847774280235e-06 2.825228648362099193e-06 9.293798939324915409e-06 8.528446778655052185e-05 9.284543011744972318e-06 1.321651416219538078e-05 5.041943495598388836e-06 1.300221047131344676e-04 4.834680294152349234e-05 6.956191100471187383e-06 1.391744444845244288e-04 1.641620037844404578e-04 1.500712533015757799e-04 1.321651416219538078e-05 5.041943495598388836e-06 1.300221047131344676e-04 2.466757036745548248e-02
1.010000000000000000e+05 5.533921012101927772e-06 6.860018856968963519e-06 8.822175004752352834e-06 9.991016122512519360e-05 2.875995996873825788e-04 1.338175684213638306e-02 2.449815156069234945e-06 2.060727216303348541e-03 4.130366505705751479e-05 1.138921288657002151e-05 1.178127640741877258e-04 1.732027449179440737e-04 3.934599226340651512e-04 1.338175684213638306e-02 2.449815156069234945e-06 2.060727216303348541e-03 2.544941380620002747e-02
1.020000000000000000e+05 4.102247203263686970e-06 5.673017312801675871e-06 2.087095708702690899e-05 1.512941671535372734e-04 3.308070299681276083e-04 5.110443569719791412e-03 6.619854502787347883e-06 2.338276244699954987e-04 2.922267231042496860e-05 1.028658698487561196e-05 1.582443801453337073e-04 2.280288463225588202e-04 4.009337862953543663e-04 5.110443569719791412e-03 6.619854502787347883e-06 2.338276244699954987e-04 2.132307551801204681e-02
1.030000000000000000e+05 3.193543534507625736e-06 1.413786094417446293e-06 2.525888339732773602e-05 1.407629752065986395e-04 1.110614630306372419e-05 6.840330752311274409e-05 5.004961622034898028e-06 1.130011631175875664e-03 2.719213625823613256e-05 3.466989710432244465e-06 2.199179289164021611e-04 1.851411361712962389e-04 1.578936498844996095e-04 6.840330752311274409e-05 5.004961622034898028e-06 1.130011631175875664e-03 1.758419908583164215e-02
1.040000000000000000e+05 3.446614300628425553e-06 1.401297026859538164e-06 6.329789903247728944e-05 3.417505649849772453e-04 6.312312962108990178e-06 5.146349314600229263e-03 8.838402209221385419e-06 5.454931873828172684e-03 2.645794120326172560e-05 3.265098484916961752e-06 3.457015554886311293e-04 3.765160508919507265e-04 1.578684314154088497e-04 5.146349314600229263e-03 8.838402209221385419e-06 5.454931873828172684e-03 1.627808436751365662e-02
1.050000000000000000e+05 6.985764230194035918e-06 1.722357410471886396e-06 2.092298018396832049e-05 1.641113340156152844e-04 2.923575084423646331e-05 2.772713560261763632e-05 8.300286935991607606e-06 2.232014667242765427e-03 3.447994458838365972e-05 3.775543518713675439e-06 2.472219348419457674e-04 2.450824540574103594e-04 1.760688610374927521e-04 2.772713560261763632e-05 8.300286935991607606e-06 2.232014667242765427e-03 2.335899695754051208e-02
1.060000000000000000e+05 3.262468226239434443e-06 9.991540537157561630e-07 6.793666671001119539e-06 7.173867197707295418e-05 1.538414608148741536e-06 1.975233899429440498e-04 8.867226824804674834e-06 3.489600785542279482e-04 2.919417602242901921e-05 2.580818090791581199e-06 1.828362001106142998e-04 1.394257269566878676e-04 1.408480311511084437e-04 1.975233899429440498e-04 8.867226824804674834e-06 3.489600785542279482e-04 1.905135624110698700e-02
1.070000000000000000e+05 2.476980398569139652e-06 6.626909794249513652e-07 1.431298187526408583e-05 6.095548087614588439e-05 1.409435640198353212e-06 5.555495226872153580e-05 1.010337109619285911e-05 4.814376879949122667e-04 2.637096622493118048e-05 2.083865183521993458e-06 1.833932183217257261e-04 1.295046386076137424e-04 1.237383694387972355e-04 5.555495226872153580e-05 1.010337109619285911e-05 4.814376879949122667e-04 1.666554622352123260e-02
1.080000000000000000e+05 2.085460891976254061e-06 7.207545991150254849e-07 4.747697403217898682e-06 4.437140887603163719e-05 8.367549639842764009e-07 5.485245310410391539e-06 7.734820428595412523e-06 5.930095721851103008e-05 2.117458279826678336e-05 2.290067413923679851e-06 1.601055701030418277e-04 1.192963318317197263e-04 1.066607437678612769e-04 5.485245310410391539e-06 7.734820428595412523e-06 5.930095721851103008e-05 1.607034355401992798e-02
1.090000000000000000e+05 3.655832260847091675e-04 2.766763645922765136e-05 4.183817654848098755e-04 4.105602856725454330e-04 4.467783946893177927e-05 8.416008495260030031e-05 2.828942378982901573e-04 1.745875051710754633e-04 6.418342236429452896e-04 7.608424493810161948e-05 8.109888993203639984e-03 9.457960841245949268e-04 4.311304364819079638e-04 8.416008495260030031e-05 2.828942378982901573e-04 1.745875051710754633e-04 6.037187203764915466e-02
1.100000000000000000e+05 1.250175409950315952e-04 1.716746919555589557e-05 1.258608681382611394e-04 7.208691386040300131e-05 2.846670940925832838e-05 6.855079845990985632e-05 3.874846879625692964e-05 5.570823850575834513e-05 1.987289433600381017e-04 5.426143252407200634e-05 2.336319768801331520e-03 2.680413017515093088e-04 3.246451378799974918e-04 6.855079845990985632e-05 3.874846879625692964e-05 5.570823850575834513e-05 2.663602121174335480e-02
1.110000000000000000e+05 5.734133446821942925e-05 1.083310507965506986e-05 4.870840348303318024e-05 3.154409932903945446e-05 2.711538218136411160e-05 8.178938878700137138e-05 1.115820123231969774e-05 4.596801591105759144e-05 9.505567868473008275e-05 3.745517460629343987e-05 7.328753708861768246e-04 1.316947455052286386e-04 3.077863075304776430e-04 8.178938878700137138e-05 1.115820123231969774e-05 4.596801591105759144e-05 2.094841934740543365e-02
1.120000000000000000e+05 2.173003667849116027e-05 7.552173883595969528e-06 6.056595157133415341e-05 1.986421557376161218e-05 1.980692832148633897e-05 9.170997145702131093e-06 7.391172857751371339e-06 3.491522511467337608e-05 4.882544453721493483e-05 2.810677142406348139e-05 8.554792148061096668e-04 1.849588879849761724e-04 2.724340010900050402e-04 9.170997145702131093e-06 7.391172857751371339e-06 3.491522511467337608e-05 2.084760367870330811e-02
1.130000000000000000e+05 9.217324986821040511e-06 4.981163328920956701e-06 2.030654286500066519e-05 1.519205943623092026e-05 9.519804734736680984e-06 1.047026489686686546e-05 4.293702659197151661e-06 3.995917359134182334e-05 3.195053795934654772e-05 2.219770249212160707e-05 3.094427520409226418e-04 1.432635472156107426e-04 2.087964967358857393e-04 1.047026489686686546e-05 4.293702659197151661e-06 3.995917359134182334e-05 1.598550379276275635e-02
1.140000000000000000e+05 5.429226348496740684e-06 3.985558123531518504e-06 2.104821032844483852e-05 1.586305916134733707e-05 9.410293387190904468e-06 8.690592039783950895e-06 2.481072897353442386e-06 3.207785994163714349e-05 2.517970824555959553e-05 2.027157825068570673e-05 8.057907689362764359e-05 8.681391045683994889e-05 1.748048671288415790e-04 8.690592039783950895e-06 2.481072897353442386e-06 3.207785994163714349e-05 1.669708266854286194e-02
1.150000000000000000e+05 3.887899310939246789e-06 2.807430519169429317e-06 6.447370196838164702e-06 2.332919757463969290e-05 6.436691364797297865e-06 2.549692580942064524e-04 2.473270569680607878e-06 4.308933057473041117e-05 2.461654548824299127e-05 1.897558468044735491e-05 4.175142385065555573e-05 6.883339665364474058e-05 1.528216816950589418e-04 2.549692580942064524e-04 2.473270569680607878e-06 4.308933057473041117e-05 1.572649180889129639e-02
1.160000000000000000e+05 3.307294718979392201e-06 2.173923121517873369e-06 8.438798431598115712e-06 5.135724131832830608e-05 3.428182708375970833e-06 1.451539341360330582e-03 3.685519686769112013e-06 9.880287107080221176e-04 2.336328725505154580e-05 1.625018194317817688e-05 6.495873822132125497e-05 1.035525565384887159e-04 1.218969409819692373e-04 1.451539341360330582e-03 3.685519686769112013e-06 9.880287107080221176e-04 1.367383822798728943e-02
1.170000000000000000e+05 3.816639491560636088e-06 1.890728412945463788e-06 1.196479388454463333e-05 3.693245162139646709e-05 1.673368046795076225e-06 8.401809282077010721e-06 3.964407369494438171e-06 2.752156615315470845e-05 2.833375947375316173e-05 1.406846331519773230e-05 9.145025251200422645e-05 8.410894952248781919e-05 1.087924683815799654e-04 8.401809282077010721e-06 3.964407369494438171e-06 2.752156615315470845e-05 1.827349141240119934e-02
1.180000000000000000e+05 4.452285793377086520e-06 1.547015244796057232e-06 2.852362922567408532e-05 4.008149699075147510e-05 1.514433165539230686e-06 2.315687925147358328e-05 4.627956059266580269e-06 3.168564580846577883e-05 2.883821434807032347e-05 1.133995738200610504e-05 1.190770854009315372e-04 9.511146345175802708e-05 1.041884970618411899e-04 2.315687925147358328e-05 4.627956059266580269e-06 3.168564580846577883e-05 1.914862915873527527e-02
1.190000000000000000e+05 2.625994511618046090e-06 1.327196287093102001e-06 3.318821836728602648e-04 6.859196582809090614e-04 4.903097760688979179e-06 1.800691279640886933e-05 5.976783086225623265e-06 1.108609512448310852e-02 2.043531276285648346e-05 8.698227247805334628e-06 4.156895156484097242e-04 6.775616202503442764e-04 9.396330278832465410e-05 1.800691279640886933e-05 5.976783086225623265e-06 1.108609512448310852e-02 1.467694994062185287e-02
1.200000000000000000e+05 3.514485342748230323e-06 7.794349698997393716e-07 4.053849352203542367e-06 3.293821646366268396e-05 1.101049633689399343e-06 3.818692130153067410e-05 4.531250851869117469e-06 2.283591857121791691e-05 2.436738031974527985e-05 4.741792054119287059e-06 1.258461561519652605e-04 1.031462379614822567e-04 8.298774628201499581e-05 3.818692130153067410e-05 4.531250851869117469e-06 2.283591857121791691e-05 1.741415262222290039e-02
1.210000000000000000e+05 2.960528263429296203e-06 6.019238298904383555e-07 1.407239778927760199e-05 3.921084135072305799e-05 7.671290518374007661e-07 1.133247744292020798e-03 4.608862582244910300e-06 6.036708946339786053e-04 2.204827069363091141e-05 3.202015932401991449e-06 1.600507675902917981e-04 1.037313559208996594e-04 7.080473733367398381e-05 1.133247744292020798e-03 4.608862582244910300e-06 6.036708946339786053e-04 1.594988442957401276e-02
1.220000000000000000e+05 4.168061423115432262e-05 2.338717604288831353e-05 7.567566353827714920e-05 3.039572038687765598e-04 4.517240813584066927e-05 9.572251656209118664e-06 1.603771816007792950e-04 8.243936463259160519e-05 9.391826461069285870e-05 6.880443106638267636e-05 1.403766777366399765e-02 1.176375080831348896e-03 1.043476862832903862e-03 9.572251656209118664e-06 1.603771816007792950e-04 8.243936463259160519e-05 3.222090378403663635e-02
1.230000000000000000e+05 1.999360029003582895e-05 4.813428859051782638e-06 1.789988164091482759e-05 6.980079342611134052e-05 6.399564426828874275e-06 5.299828990246169269e-05 3.270495653850957751e-05 3.669369471026584506e-05 5.102984869154170156e-05 1.333291038463357836e-05 2.233325038105249405e-03 1.328751241089776158e-04 1.829506654758006334e-04 5.299828990246169269e-05 3.270495653850957751e-05 3.669369471026584506e-05 2.031035348773002625e-02
1.240000000000000000e+05 1.035973673424450681e-05 1.733223029987129848e-06 6.132682301540626213e-06 2.656382639543153346e-05 2.655553316799341701e-06 2.534354644012637436e-05 8.664093002153094858e-06 2.930348637164570391e-05 3.598815237637609243e-05 4.950905349687673151e-06 1.878647453850135207e-04 8.439114753855392337e-05 7.845966320019215345e-05 2.534354644012637436e-05 8.664093002153094858e-06 2.930348637164570391e-05 1.838795095682144165e-02
1.250000000000000000e+05 6.126854259491665289e-06 1.356108100480923895e-06 4.968241228198166937e-06 1.595942558196838945e-05 5.095744199934415519e-06 6.645562280027661473e-06 5.512505140359280631e-06 2.540386594773735851e-05 3.014780486410018057e-05 4.370596798253245652e-06 2.101481368299573660e-04 1.477953337598592043e-04 8.854272164171561599e-05 6.645562280027661473e-06 5.512505140359280631e-06 2.540386594773735851e-05 1.920241117477416992e-02
1.260000000000000000e+05 4.255028670741012320e-06 1.175435386358003598e-06 3.609325403886032291e-06 2.293891884619370103e-05 2.462503516653669067e-06 5.498452810570597649e-05 4.044107299705501646e-06 7.449210534105077386e-05 2.375711119384504855e-05 3.970142188336467370e-06 2.465958532411605120e-04 1.424656074959784746e-04 9.346258593723177910e-05 5.498452810570597649e-05 4.044107299705501646e-06 7.449210534105077386e-05 1.756850071251392365e-02
1.270000000000000000e+05 3.236618340451968834e-06 6.494544209090236109e-07 4.021553195343585685e-06 2.396014497207943350e-05 1.435198328181286342e-06 4.116170021006837487e-05 3.838855263893492520e-06 2.807417331496253610e-05 2.208425030403304845e-05 2.700216327866655774e-06 2.389502769801765680e-04 1.520242658443748951e-04 9.516443969914689660e-05 4.116170021006837487e-05 3.838855263893492520e-06 2.807417331496253610e-05 1.663969084620475769e-02
1.280000000000000000e+05 3.637524059740826488e-06 6.140534196674707346e-07 1.095609968615463004e-05 9.709468577057123184e-05 3.703719585246290080e-06 3.439889042056165636e-05 4.016523689642781392e-06 8.855383493937551975e-04 2.372422386542893946e-05 2.897532340284669772e-06 1.793911796994507313e-04 2.409392764093354344e-04 1.172465199488215148e-04 3.439889042056165636e-05 4.016523689642781392e-06 8.855383493937551975e-04 1.707292906939983368e-02
1.290000000000000000e+05 2.421135604890878312e-06 2.882173646412411472e-07 3.611835381889250129e-06 3.457147613517008722e-05 9.616583156457636505e-07 6.563073839060962200e-06 3.314964033052092418e-06 5.395117477746680379e-05 1.984146001632325351e-05 2.037739250226877630e-06 1.305611367570236325e-04 1.281089062104001641e-04 9.011380461743101478e-05 6.563073839060962200e-06 3.314964033052092418e-06 5.395117477746680379e-05 1.573008485138416290e-02
1.300000000000000000e+05 2.379911620664643124e-06 4.136724385261913994e-07 6.316779035842046142e-06 5.326792597770690918e-05 1.475084104640700389e-06 4.508892743615433574e-05 3.429656771913869306e-06 3.618095070123672485e-04 1.856752714957110584e-05 1.988205895031569526e-06 1.164827554021030664e-04 1.564762496855109930e-04 8.559827256249263883e-05 4.508892743615433574e-05 3.429656771913869306e-06 3.618095070123672485e-04 1.516533084213733673e-02
1.310000000000000000e+05 2.179149760195286945e-06 4.080857536337134661e-07 4.862732112087542191e-06 4.025647649541497231e-05 8.558689046367362607e-07 1.469737071602139622e-05 3.581756800485891290e-06 2.809482066368218511e-05 1.811066431400831789e-05 1.559979750709317159e-06 1.249504275619983673e-04 1.395000872435048223e-04 7.884733349783346057e-05 1.469737071602139622e-05 3.581756800485891290e-06 2.809482066368218511e-05 1.505825947970151901e-02
1.320000000000000000e+05 1.961549287443631329e-06 3.658509797332953895e-07 3.106382337136892602e-06 3.820984056801535189e-05 1.189007775792561006e-06 6.742085679434239864e-04 3.777405481741880067e-06 5.419433364295400679e-05 1.536968011350836605e-05 1.374822090838279109e-06 1.259965356439352036e-04 1.268918713321909308e-04 6.798707909183576703e-05 6.742085679434239864e-04 3.777405481741880067e-06 5.419433364295400679e-05 1.372987870126962662e-02
