2.6794919243112290 70.0000000000000000
3.7321235032585971 70.0000000000000000
4.7847550822059652 70.0000000000000000
5.8373866611533343 70.0000000000000000
6.8900182401007024 70.0000000000000000
7.9426498190480705 70.0000000000000000
8.9952813979954396 70.0000000000000000
10.0479129769428077 70.0000000000000000
11.1005445558901759 70.0000000000000000
12.1531761348375440 70.0000000000000000
13.2058077137849121 70.0000000000000000
14.2584392927322803 70.0000000000000000
15.3110708716796502 70.0000000000000000
16.3637024506270166 70.0000000000000000
17.4163340295743865 70.0000000000000000
18.4689656085217564 70.0000000000000000
19.5215971874691228 70.0000000000000000
20.5742287664164927 70.0000000000000000
21.6268603453638590 70.0000000000000000
22.6794919243112290 70.0000000000000000
2.6794919243112290 71.0126582278481067
3.7321235032477276 71.0126582277595730
4.7847550821845228 71.0126582276734553
5.8373866611219034 71.0126582275920981
6.8900182400601420 71.0126582275177185
7.9426498189994827 71.0126582274523628
8.9952813979401522 71.0126582273977931
10.0479129768823316 71.0126582273555300
11.1005445558261560 71.0126582273266820
12.1531761347717300 71.0126582273120590
13.2058077137190981 71.0126582273120590
14.2584392926682622 71.0126582273266820
15.3110708716191741 71.0126582273555300
16.3637024505717328 71.0126582273978073
17.4163340295257960 71.0126582274523628
18.4689656084811951 71.0126582275177327
19.5215971874376919 71.0126582275920981
20.5742287663950520 71.0126582276734695
21.6268603453529913 71.0126582277595730
22.6794919243112290 71.0126582278481067
2.6794919243112290 72.0253164556961991
3.7321235032368789 72.0253164555192882
4.7847550821631213 72.0253164553472232
5.8373866610905312 72.0253164551846794
6.8900182400196552 72.0253164550360765
7.9426498189509900 72.0253164549054645
8.9952813978849733 72.0253164547964673
10.0479129768219728 72.0253164547119837
11.1005445557622622 72.0253164546543587
12.1531761347060421 72.0253164546251412
13.2058077136534049 72.0253164546251412
14.2584392926043684 72.0253164546543587
15.3110708715588135 72.0253164547119837
16.3637024505165520 72.0253164547964673
17.4163340294773086 72.0253164549054929
18.4689656084407119 72.0253164550360765
19.5215971874063214 72.0253164551846936
20.5742287663736434 72.0253164553472232
21.6268603453421377 72.0253164555193024
22.6794919243112290 72.0253164556961991
2.6794919243112290 73.0379746835443058
3.7321235032260720 73.0379746832793870
4.7847550821418023 73.0379746830216732
5.8373866610592806 73.0379746827782412
6.8900182399793275 73.0379746825556850
7.9426498189026820 73.0379746823601010
8.9952813978300057 73.0379746821968325
10.0479129767618396 73.0379746820703133
11.1005445556986135 73.0379746819839824
12.1531761346406064 73.0379746819402413
13.2058077135879763 73.0379746819402271
14.2584392925407162 73.0379746819839966
15.3110708714986821 73.0379746820702991
16.3637024504615880 73.0379746821968325
17.4163340294290023 73.0379746823601010
18.4689656084003779 73.0379746825556992
19.5215971873750753 73.0379746827782412
20.5742287663523271 73.0379746830216732
21.6268603453313339 73.0379746832793728
22.6794919243112290 73.0379746835443058
2.6794919243112290 74.0506329113923982
3.7321235032153277 74.0506329110399548
4.7847550821206051 74.0506329106971322
5.8373866610282130 74.0506329103732668
6.8900182399392289 74.0506329100771836
7.9426498188546590 74.0506329098170113
8.9952813977753543 74.0506329095997700
10.0479129767020616 74.0506329094314424
11.1005445556353326 74.0506329093166471
12.1531761345755545 74.0506329092584110
13.2058077135229173 74.0506329092584110
14.2584392924774370 74.0506329093166187
15.3110708714389006 74.0506329094314566
16.3637024504069402 74.0506329095997842
17.4163340293809732 74.0506329098169971
18.4689656083602891 74.0506329100771694
19.5215971873439997 74.0506329103732526
20.5742287663311316 74.0506329106971179
21.6268603453205870 74.0506329110399548
22.6794919243112290 74.0506329113923982
2.6794919243112290 75.0632911392405049
3.7321235032046647 75.0632911388012047
4.7847550820995739 75.0632911383738985
5.8373866609973808 75.0632911379702108
6.8900182398994492 75.0632911376011975
7.9426498188069985 75.0632911372768774
8.9952813977211292 75.0632911370061180
10.0479129766427402 75.0632911367963516
11.1005445555725384 75.0632911366531914
12.1531761345109981 75.0632911365806592
13.2058077134583698 75.0632911365806592
14.2584392924146410 75.0632911366532056
15.3110708713795862 75.0632911367963374
16.3637024503527115 75.0632911370061606
17.4163340293333171 75.0632911372768774
18.4689656083204987 75.0632911376011975
19.5215971873131728 75.0632911379702108
20.5742287663100996 75.0632911383738985
21.6268603453099217 75.0632911388011905
22.6794919243112290 75.0632911392405049
2.6794919243112290 76.0759493670886116
3.7321235031941078 76.0759493665633073
4.7847550820787443 76.0759493660523134
5.8373866609668532 76.0759493655695849
6.8900182398600451 76.0759493651283094
7.9426498187598069 76.0759493647404952
8.9952813976674246 76.0759493644167435
10.0479129765839978 76.0759493641658366
11.1005445555103517 76.0759493639947237
12.1531761344470706 76.0759493639079381
13.2058077133944369 76.0759493639079523
14.2584392923524632 76.0759493639947095
15.3110708713208368 76.0759493641658509
16.3637024502990123 76.0759493644167577
17.4163340292861228 76.0759493647405094
18.4689656082811027 76.0759493651282952
19.5215971872826408 76.0759493655695991
20.5742287662892736 76.0759493660523134
21.6268603452993702 76.0759493665632931
22.6794919243112290 76.0759493670886116
2.6794919243112290 77.0886075949367040
3.7321235031836717 77.0886075943263904
4.7847550820581599 77.0886075937327035
5.8373866609366765 77.0886075931718722
6.8900182398211083 77.0886075926591445
7.9426498187131589 77.0886075922085752
8.9952813976143524 77.0886075918323712
10.0479129765259323 77.0886075915409350
11.1005445554488968 77.0886075913420541
12.1531761343838856 77.0886075912412849
13.2058077133312590 77.0886075912412707
14.2584392922909977 77.0886075913420825
15.3110708712627854 77.0886075915409350
16.3637024502459241 77.0886075918323996
17.4163340292394793 77.0886075922085610
18.4689656082421614 77.0886075926591445
19.5215971872524712 77.0886075931718580
20.5742287662686820 77.0886075937326893
21.6268603452889359 77.0886075943263762
22.6794919243112290 77.0886075949367040
2.6794919243112290 78.1012658227848107
3.7321235031733804 78.1012658220906246
4.7847550820378553 78.1012658214153674
5.8373866609069180 78.1012658207774422
6.8900182397826955 78.1012658201942997
7.9426498186671592 78.1012658196817995
8.9952813975619978 78.1012658192539533
10.0479129764686785 78.1012658189223998
11.1005445553882733 78.1012658186962483
12.1531761343215745 78.1012658185815667
13.2058077132689338 78.1012658185815951
14.2584392922303866 78.1012658186962483
15.3110708712055157 78.1012658189224283
16.3637024501935890 78.1012658192539675
17.4163340291934681 78.1012658196817853
18.4689656082037565 78.1012658201942997
19.5215971872227065 78.1012658207774422
20.5742287662483854 78.1012658214153532
21.6268603452786401 78.1012658220906104
22.6794919243112290 78.1012658227848107
2.6794919243112290 79.1139240506329173
3.7321235031632489 79.1139240498561520
4.7847550820178730 79.1139240491006035
5.8373866608776224 79.1139240483868633
6.8900182397449008 79.1139240477343293
7.9426498186218710 79.1139240471609355
8.9952813975104871 79.1139240466821718
10.0479129764123059 79.1139240463112259
11.1005445553286215 79.1139240460581448
12.1531761342602298 79.1139240459298776
13.2058077132076104 79.1139240459298634
14.2584392921707170 79.1139240460581448
15.3110708711491608 79.1139240463112401
16.3637024501420605 79.1139240466822002
17.4163340291481958 79.1139240471609213
18.4689656081659486 79.1139240477343293
19.5215971871934180 79.1139240483868633
20.5742287662283978 79.1139240491006035
21.6268603452685149 79.1139240498561662
22.6794919243112290 79.1139240506329173
2.6794919243112290 80.1265822784810098
3.7321235031533022 80.1265822776231715
4.7847550819982434 80.1265822767887528
5.8373866608488596 80.1265822760004767
6.8900182397077669 80.1265822752798726
7.9426498185774141 80.1265822746465659
8.9952813974598733 80.1265822741178795
10.0479129763569688 80.1265822737081805
11.1005445552700177 80.1265822734286957
12.1531761342000060 80.1265822732869992
13.2058077131473617 80.1265822732870134
14.2584392921121346 80.1265822734286957
15.3110708710938006 80.1265822737081805
16.3637024500914663 80.1265822741178795
17.4163340291037194 80.1265822746465517
18.4689656081288298 80.1265822752798726
19.5215971871646410 80.1265822760004767
20.5742287662087797 80.1265822767887528
21.6268603452585602 80.1265822776231715
22.6794919243112290 80.1265822784810098
2.6794919243112290 81.1392405063291164
3.7321235031435513 81.1392405053918253
4.7847550819790161 81.1392405044800711
5.8373866608206608 81.1392405036187796
6.8900182396713996 81.1392405028313988
7.9426498185338206 81.1392405021394438
8.9952813974103023 81.1392405015617584
10.0479129763027135 81.1392405011141307
11.1005445552126112 81.1392405008087252
12.1531761341409688 81.1392405006539548
13.2058077130883493 81.1392405006539406
14.2584392920547067 81.1392405008087536
15.3110708710395684 81.1392405011141307
16.3637024500418669 81.1392405015617726
17.4163340290601560 81.1392405021394580
18.4689656080924429 81.1392405028314130
19.5215971871364644 81.1392405036187938
20.5742287661895347 81.1392405044800711
21.6268603452488186 81.1392405053917969
22.6794919243112290 81.1392405063291164
2.6794919243112290 82.1518987341772231
3.7321235031340221 82.1518987331621986
4.7847550819602080 82.1518987321748853
5.8373866607931104 82.1518987312421700
6.8900182396358183 82.1518987303895329
7.9426498184912351 82.1518987296401662
8.9952813973618078 82.1518987290146327
10.0479129762496999 82.1518987285298579
11.1005445551564623 82.1518987281991855
12.1531761340832709 82.1518987280315116
13.2058077130306195 82.1518987280315400
14.2584392919985827 82.1518987281991429
15.3110708709865264 82.1518987285298863
16.3637024499934043 82.1518987290146185
17.4163340290175377 82.1518987296401804
18.4689656080568874 82.1518987303895329
19.5215971871088882 82.1518987312421558
20.5742287661707444 82.1518987321748853
21.6268603452392831 82.1518987331622128
22.6794919243112290 82.1518987341772231
2.6794919243112290 83.1645569620253156
3.7321235031247233 83.1645569609345046
4.7847550819418743 83.1645569598734227
5.8373866607662181 83.1645569588710458
6.8900182396011393 83.1645569579547157
7.9426498184496621 83.1645569571494292
8.9952813973145389 83.1645569564771137
10.0479129761979582 83.1645569559561864
11.1005445551017257 83.1645569556007729
12.1531761340269640 83.1645569554206219
13.2058077129743499 83.1645569554205792
14.2584392919438105 83.1645569556007729
15.3110708709348167 83.1645569559561579
16.3637024499461070 83.1645569564771421
17.4163340289759958 83.1645569571494008
18.4689656080221773 83.1645569579547299
19.5215971870820191 83.1645569588710600
20.5742287661523910 83.1645569598734369
21.6268603452299928 83.1645569609345188
22.6794919243112290 83.1645569620253156
2.6794919243112290 84.1772151898734222
3.7321235031156812 84.1772151887088285
4.7847550819240254 84.1772151875759960
5.8373866607400728 84.1772151865058333
6.8900182395673752 84.1772151855275297
7.9426498184092473 84.1772151846677446
8.9952813972685188 84.1772151839500253
10.0479129761476464 84.1772151833937841
11.1005445550484332 84.1772151830143969
12.1531761339722166 84.1772151828220103
13.2058077129195652 84.1772151828220387
14.2584392918905589 84.1772151830143542
15.3110708708844747 84.1772151833938125
16.3637024499001171 84.1772151839499969
17.4163340289355446 84.1772151846677730
18.4689656079884408 84.1772151855275155
19.5215971870558498 84.1772151865058333
20.5742287661345635 84.1772151875760102
21.6268603452209405 84.1772151887088285
22.6794919243112290 84.1772151898734222
2.6794919243112290 85.1898734177215147
3.7321235031068998 85.1898734164853266
4.7847550819067166 85.1898734152828325
5.8373866607146807 85.1898734141468594
6.8900182395346317 85.1898734131083870
7.9426498183699970 85.1898734121957659
8.9952813972238879 85.1898734114338509
10.0479129760987913 85.1898734108435178
11.1005445549967536 85.1898734104406969
12.1531761339190538 85.1898734102365722
13.2058077128664415 85.1898734102365154
14.2584392918388438 85.1898734104407396
15.3110708708356587 85.1898734108434894
16.3637024498554489 85.1898734114338936
17.4163340288963333 85.1898734121957801
18.4689656079556670 85.1898734131084154
19.5215971870304834 85.1898734141468736
20.5742287661172334 85.1898734152828325
21.6268603452121688 85.1898734164853266
22.6794919243112290 85.1898734177215147
2.6794919243112290 86.2025316455696213
3.7321235030984092 86.2025316442640985
4.7847550818899514 86.2025316429941881
5.8373866606901288 86.2025316417945078
6.8900182395029175 86.2025316406978277
7.9426498183320415 86.2025316397339907
8.9952813971806656 86.2025316389294289
10.0479129760515491 86.2025316383058993
11.1005445549467066 86.2025316378805684
12.1531761338676390 86.2025316376649329
13.2058077128149858 86.2025316376649755
14.2584392917888341 86.2025316378805400
15.3110708707883756 86.2025316383059561
16.3637024498122692 86.2025316389294005
17.4163340288583441 86.2025316397340617
18.4689656079239874 86.2025316406978277
19.5215971870059057 86.2025316417945362
20.5742287661004895 86.2025316429941881
21.6268603452036672 86.2025316442641127
22.6794919243112290 86.2025316455696213
2.6794919243112290 87.2151898734177280
3.7321235030902078 87.2151898720453005
4.7847550818737883 87.2151898707102902
5.8373866606664127 87.2151898694491479
6.8900182394723437 87.2151898682962354
7.9426498182953829 87.2151898672830725
8.9952813971389922 87.2151898664371856
10.0479129760059198 87.2151898657817668
11.1005445548984483 87.2151898653345654
12.1531761338179862 87.2151898651079307
13.2058077127653775 87.2151898651079023
14.2584392917405349 87.2151898653346223
15.3110708707427889 87.2151898657817242
16.3637024497705532 87.2151898664372283
17.4163340288217228 87.2151898672830441
18.4689656078933844 87.2151898682962639
19.5215971869822162 87.2151898694491337
20.5742287660843068 87.2151898707103044
21.6268603451954782 87.2151898720453147
22.6794919243112290 87.2151898734177280
2.6794919243112290 88.2278481012658204
3.7321235030823265 88.2278480998289893
4.7847550818582230 88.2278480984313660
5.8373866606436238 88.2278480971110497
6.8900182394429006 88.2278480959040934
7.9426498182601550 88.2278480948433383
8.9952813970988625 88.2278480939578316
10.0479129759620687 88.2278480932716036
11.1005445548519805 88.2278480928034980
12.1531761337702608 88.2278480925661484
13.2058077127176059 88.2278480925662052
14.2584392916941116 88.2278480928034554
15.3110708706988934 88.2278480932716604
16.3637024497304644 88.2278480939577889
17.4163340287864514 88.2278480948433668
18.4689656078639715 88.2278480959040650
19.5215971869594043 88.2278480971110781
20.5742287660687602 88.2278480984313802
21.6268603451875840 88.2278480998290036
22.6794919243112290 88.2278481012658204
2.6794919243112290 89.2405063291139271
3.7321235030747606 89.2405063276153356
4.7847550818433167 89.2405063261576572
5.8373866606217444 89.2405063247805828
6.8900182394147027 89.2405063235217142
7.9426498182263359 89.2405063224154134
8.9952813970604275 89.2405063214917931
10.0479129759199761 89.2405063207761344
11.1005445548074704 89.2405063202878210
12.1531761337244539 89.2405063200403674
13.2058077126718469 89.2405063200403248
14.2584392916495570 89.2405063202878779
15.3110708706568435 89.2405063207760776
16.3637024496919850 89.2405063214918215
17.4163340287526722 89.2405063224153707
18.4689656078357380 89.2405063235217284
19.5215971869375480 89.2405063247805543
20.5742287660538352 89.2405063261576572
21.6268603451800310 89.2405063276153498
22.6794919243112290 89.2405063291139271
2.6794919243112290 90.2531645569620196
3.7321235030675415 90.2531645554044246
4.7847550818290552 90.2531645538892917
5.8373866606008677 90.2531645524579744
6.8900182393877243 90.2531645511495526
7.9426498181940648 90.2531645499996245
8.9952813970236587 90.2531645490396954
10.0479129758798056 90.2531645482957714
11.1005445547649000 90.2531645477883302
12.1531761336807360 90.2531645475310285
13.2058077126280811 90.2531645475310711
14.2584392916070311 90.2531645477882876
15.3110708706166232 90.2531645482958140
16.3637024496552606 90.2531645490396386
17.4163340287203603 90.2531645499996529
18.4689656078087943 90.2531645511495100
19.5215971869166438 90.2531645524580171
20.5742287660395924 90.2531645538892633
21.6268603451727977 90.2531645554044104
22.6794919243112290 90.2531645569620196
2.6794919243112290 91.2658227848101262
3.7321235030606603 91.2658227831963131
4.7847550818154998 91.2658227816265253
5.8373866605809717 91.2658227801435800
6.8900182393620817 91.2658227787878928
7.9426498181633072 91.2658227775965258
8.9952813969887053 91.2658227766018513
10.0479129758415215 91.2658227758311966
11.1005445547244221 91.2658227753053382
12.1531761336390787 91.2658227750388562
13.2058077125864717 91.2658227750388278
14.2584392915665070 91.2658227753053808
15.3110708705783924 91.2658227758311540
16.3637024496202628 91.2658227766019081
17.4163340286896435 91.2658227775964832
18.4689656077831224 91.2658227787879213
19.5215971868967735 91.2658227801435373
20.5742287660260175 91.2658227816265395
21.6268603451659303 91.2658227831962989
22.6794919243112290 91.2658227848101262
2.6794919243112290 92.2784810126582329
3.7321235030541473 92.2784810109911149
4.7847550818026336 92.2784810093695000
5.8373866605621387 92.2784810078375273
6.8900182393377438 92.2784810064371328
7.9426498181341953 92.2784810052063591
8.9952813969555354 92.2784810041789427
10.0479129758052856 92.2784810033827227
11.1005445546860155 92.2784810028396123
12.1531761335996418 92.2784810025642201
13.2058077125469886 92.2784810025642486
14.2584392915281466 92.2784810028395555
15.3110708705421033 92.2784810033827796
16.3637024495871408 92.2784810041788859
17.4163340286604935 92.2784810052064017
18.4689656077588147 92.2784810064370902
19.5215971868779192 92.2784810078375699
20.5742287660131709 92.2784810093694574
21.6268603451594039 92.2784810109911291
22.6794919243112290 92.2784810126582329
2.6794919243112290 93.2911392405063395
3.7321235030479936 93.2911392387889293
4.7847550817905136 93.2911392371183439
5.8373866605443459 93.2911392355402143
6.8900182393148173 93.2911392340974714
7.9426498181066894 93.2911392328296216
8.9952813969242857 93.2911392317711261
10.0479129757710517 93.2911392309509750
11.1005445546498294 93.2911392303913942
12.1531761335623845 93.2911392301077598
13.2058077125097810 93.2911392301077029
14.2584392914919036 93.2911392303913942
15.3110708705079173 93.2911392309509182
16.3637024495558379 93.2911392317711829
17.4163340286330239 93.2911392328295932
18.4689656077358535 93.2911392340974999
19.5215971868601521 93.2911392355401574
20.5742287660010312 93.2911392371183581
21.6268603451532684 93.2911392387889151
22.6794919243112290 93.2911392405063395
2.6794919243112290 94.3037974683544320
3.7321235030422284 94.3037974665897707
4.7847550817791173 94.3037974648732273
5.8373866605276712 94.3037974632516836
6.8900182392932612 94.3037974617693067
7.9426498180809171 94.3037974604665408
8.9952813968949066 94.3037974593789698
10.0479129757389671 94.3037974585361809
11.1005445546158104 94.3037974579612808
12.1531761335274702 94.3037974576697593
13.2058077124748099 94.3037974576698161
14.2584392914579414 94.3037974579612239
15.3110708704757812 94.3037974585362235
16.3637024495265102 94.3037974593789272
17.4163340286072064 94.3037974604665408
18.4689656077143312 94.3037974617692640
19.5215971868434508 94.3037974632516836
20.5742287659896590 94.3037974648732273
21.6268603451474810 94.3037974665897707
22.6794919243112290 94.3037974683544320
2.6794919243112290 95.3164556962025245
3.7321235030368363 95.3164556943937527
4.7847550817685036 95.3164556926343067
5.8373866605120828 95.3164556909722336
6.8900182392731839 95.3164556894527522
7.9426498180568181 95.3164556881174718
8.9952813968675400 95.3164556870026587
10.0479129757089716 95.3164556861388803
11.1005445545841184 95.3164556855495135
12.1531761334948314 95.3164556852508156
13.2058077124422280 95.3164556852507729
14.2584392914261944 95.3164556855495420
15.3110708704458407 95.3164556861388235
16.3637024494990939 95.3164556870026871
17.4163340285831580 95.3164556881174292
18.4689656076942157 95.3164556894527806
19.5215971868278864 95.3164556909721767
20.5742287659790186 95.3164556926343352
21.6268603451421058 95.3164556943937384
22.6794919243112290 95.3164556962025245
2.6794919243112290 96.3291139240506311
3.7321235030318491 96.3291139222009321
4.7847550817586439 96.3291139204016957
5.8373866604976605 96.3291139187019496
6.8900182392545331 96.3291139171481632
7.9426498180345240 96.3291139157825995
8.9952813968421168 96.3291139146426474
10.0479129756812249 96.3291139137592154
11.1005445545546806 96.3291139131566183
12.1531761334646315 96.3291139128510707
13.2058077124119695 96.3291139128511134
14.2584392913968188 96.3291139131565473
15.3110708704180354 96.3291139137592580
16.3637024494737204 96.3291139146425905
17.4163340285608150 96.3291139157826279
18.4689656076756030 96.3291139171481205
19.5215971868134339 96.3291139187019638
20.5742287659691776 96.3291139204016531
21.6268603451371071 96.3291139222009321
22.6794919243112290 96.3291139240506311
2.6794919243112290 97.3417721518987378
3.7321235030272502 97.3417721500113515
4.7847550817495916 97.3417721481754512
5.8373866604843609 97.3417721464411159
6.8900182392374072 97.3417721448555966
7.9426498180139644 97.3417721434622791
8.9952813968187773 97.3417721422990070
10.0479129756556311 97.3417721413976693
11.1005445545276551 97.3417721407826946
12.1531761334367818 97.3417721404710363
13.2058077123841855 97.3417721404709795
14.2584392913697258 97.3417721407827372
15.3110708703925074 97.3417721413976267
16.3637024494503258 97.3417721422990354
17.4163340285403052 97.3417721434622507
18.4689656076584399 97.3417721448556392
19.5215971868001681 97.3417721464410732
20.5742287659601040 97.3417721481754370
21.6268603451325170 97.3417721500113515
22.6794919243112290 97.3417721518987378
2.6794919243112290 98.3544303797468444
3.7321235030230642 98.3544303778250253
4.7847550817413156 98.3544303759557152
5.8373866604722604 98.3544303741897181
6.8900182392217530 98.3544303725753792
7.9426498179952603 98.3544303711565533
8.9952813967974397 98.3544303699721638
10.0479129756323502 98.3544303690543131
11.1005445545029442 98.3544303684282255
12.1531761334114456 98.3544303681107692
13.2058077123587800 98.3544303681108261
14.2584392913450841 98.3544303684281829
15.3110708703691589 98.3544303690543700
16.3637024494290415 98.3544303699721212
17.4163340285215469 98.3544303711565959
18.4689656076428257 98.3544303725753082
19.5215971867880356 98.3544303741897181
20.5742287659518510 98.3544303759556584
21.6268603451283248 98.3544303778250679
22.6794919243112290 98.3544303797468444
2.6794919243112290 99.3670886075949369
3.7321235030192796 99.3670886056420812
4.7847550817338664 99.3670886037424594
5.8373866604613118 99.3670886019479553
6.8900182392076621 99.3670886003074543
7.9426498179783342 99.3670885988657773
8.9952813967782355 99.3670885976621605
10.0479129756112808 99.3670885967295305
11.1005445544807078 99.3670885960932111
12.1531761333885164 99.3670885957707100
13.2058077123359201 99.3670885957706815
14.2584392913227802 99.3670885960932679
15.3110708703481553 99.3670885967294879
16.3637024494097822 99.3670885976621889
17.4163340285046750 99.3670885988657488
18.4689656076286894 99.3670886003074543
19.5215971867771216 99.3670886019479411
20.5742287659443832 99.3670886037424737
21.6268603451245482 99.3670886056420528
22.6794919243112290 99.3670886075949369
2.6794919243112290 100.3797468354430436
3.7321235030159148 100.3797468334624199
4.7847550817272104 100.3797468315358685
5.8373866604515854 100.3797468297158559
6.8900182391950704 100.3797468280520917
7.9426498179632992 100.3797468265898942
8.9952813967610705 100.3797468253692386
10.0479129755925687 100.3797468244233073
11.1005445544608321 100.3797468237780350
12.1531761333681541 100.3797468234508870
13.2058077123154849 100.3797468234509154
14.2584392913029703 100.3797468237779782
15.3110708703293756 100.3797468244233784
16.3637024493926830 100.3797468253692244
17.4163340284895867 100.3797468265899084
18.4689656076161484 100.3797468280520775
19.5215971867673552 100.3797468297158559
20.5742287659377467 100.3797468315358401
21.6268603451211732 100.3797468334624483
22.6794919243112290 100.3797468354430436
2.6794919243112290 101.3924050632911360
3.7321235030129554 101.3924050612861834
4.7847550817213929 101.3924050593359141
5.8373866604430260 101.3924050574935336
6.8900182391840685 101.3924050558093057
7.9426498179500706 101.3924050543291600
8.9952813967460781 101.3924050530934693
10.0479129755761001 101.3924050521359561
11.1005445544434682 101.3924050514826689
12.1531761333502306 101.3924050511515702
13.2058077122976378 101.3924050511515418
14.2584392912855353 101.3924050514827115
15.3110708703129781 101.3924050521359277
16.3637024493776231 101.3924050530934835
17.4163340284764132 101.3924050543291315
18.4689656076050994 101.3924050558093199
19.5215971867588394 101.3924050574935194
20.5742287659319061 101.3924050593359283
21.6268603451182244 101.3924050612861691
22.6794919243112290 101.3924050632911360
2.6794919243112290 102.4050632911392427
3.7321235030104236 102.4050632891133148
4.7847550817163764 102.4050632871426671
5.8373866604357074 102.4050632852810310
6.8900182391745792 102.4050632835791959
7.9426498179387570 102.4050632820835602
8.9952813967331409 102.4050632808349519
10.0479129755620189 102.4050632798673917
11.1005445544284935 102.4050632792073401
12.1531761333349060 102.4050632788727029
13.2058077122822386 102.4050632788727739
14.2584392912706335 102.4050632792072975
15.3110708702988241 102.4050632798674343
16.3637024493647516 102.4050632808349519
17.4163340284650445 102.4050632820835602
18.4689656075956528 102.4050632835791674
19.5215971867514781 102.4050632852810594
20.5742287659269181 102.4050632871426387
21.6268603451156807 102.4050632891133290
22.6794919243112290 102.4050632911392427
2.6794919243112290 103.4177215189873493
3.7321235030082995 103.4177215169438853
4.7847550817122082 103.4177215149561420
5.8373866604295630 103.4177215130783480
6.8900182391666922 103.4177215113617478
7.9426498179292571 103.4177215098531519
8.9952813967223921 103.4177215085937291
10.0479129755501937 103.4177215076178271
11.1005445544160448 103.4177215069520201
12.1531761333220416 103.4177215066145124
13.2058077122694417 103.4177215066144697
14.2584392912581137 103.4177215069520486
15.3110708702870717 103.4177215076177703
16.3637024493539442 103.4177215085937718
17.4163340284556014 103.4177215098531661
18.4689656075877195 103.4177215113617763
19.5215971867453710 103.4177215130783338
20.5742287659227259 103.4177215149561420
21.6268603451135704 103.4177215169438568
22.6794919243112290 103.4177215189873493
2.6794919243112290 104.4303797468354418
3.7321235030066040 104.4303797447778095
4.7847550817088411 104.4303797427763101
5.8373866604246603 104.4303797408854990
6.8900182391603240 104.4303797391570470
7.9426498179216809 104.4303797376379919
8.9952813967137111 104.4303797363698436
10.0479129755407612 104.4303797353871488
11.1005445544059942 104.4303797347168086
12.1531761333117778 104.4303797343769276
13.2058077122591104 104.4303797343769276
14.2584392912481306 104.4303797347167233
15.3110708702775735 104.4303797353871914
16.3637024493453183 104.4303797363698152
17.4163340284479702 104.4303797376380345
18.4689656075813993 104.4303797391570185
19.5215971867404363 104.4303797408855701
20.5742287659193792 104.4303797427762959
21.6268603451118615 104.4303797447778379
22.6794919243112290 104.4303797468354418
2.6794919243112290 105.4430379746835484
3.7321235030053144 105.4430379726151870
4.7847550817063196 105.4430379706031857
5.8373866604209335 105.4430379687025550
6.8900182391555562 105.4430379669650222
7.9426498179159184 105.4430379654380516
8.9952813967072114 105.4430379641632527
10.0479129755335901 105.4430379631754988
11.1005445543984678 105.4430379625015206
12.1531761333039725 105.4430379621599627
13.2058077122513779 105.4430379621599201
14.2584392912405402 105.4430379625015917
15.3110708702704645 105.4430379631754278
16.3637024493387635 105.4430379641633095
17.4163340284422574 105.4430379654380232
18.4689656075765889 105.4430379669650506
19.5215971867367308 105.4430379687024981
20.5742287659168355 105.4430379706032141
21.6268603451105790 105.4430379726151585
22.6794919243112290 105.4430379746835484
2.6794919243112290 106.4556962025316409
3.7321235030044528 106.4556962004559040
4.7847550817045983 106.4556961984367689
5.8373866604184430 106.4556961965293596
6.8900182391522984 106.4556961947856735
7.9426498179120681 106.4556961932532602
8.9952813967027705 106.4556961919739280
10.0479129755287975 106.4556961909826072
11.1005445543933270 106.4556961903063552
12.1531761332987536 106.4556961899634757
13.2058077122460897 106.4556961899634899
14.2584392912354652 106.4556961903062842
15.3110708702656080 106.4556961909826498
16.3637024493343795 106.4556961919739280
17.4163340284383565 106.4556961932533170
18.4689656075733701 106.4556961947856450
19.5215971867342155 106.4556961965293880
20.5742287659151373 106.4556961984367689
21.6268603451097121 106.4556962004559324
22.6794919243112290 106.4556962025316409
2.6794919243112290 107.4683544303797476
3.7321235030039941 107.4683544283000174
4.7847550817037154 107.4683544262770312
5.8373866604171152 107.4683544243659554
6.8900182391506286 107.4683544226189014
7.9426498179100138 107.4683544210835890
8.9952813967004968 107.4683544198017984
10.0479129755262431 107.4683544188086159
11.1005445543906944 107.4683544181309571
12.1531761332959753 107.4683544177875376
13.2058077122433808 107.4683544177874666
14.2584392912327615 107.4683544181310140
15.3110708702631193 107.4683544188085591
16.3637024493320453 107.4683544198018410
17.4163340284363599 107.4683544210835464
18.4689656075716577 107.4683544226189724
19.5215971867329223 107.4683544243659128
20.5742287659142313 107.4683544262770738
21.6268603451092609 107.4683544283000174
22.6794919243112290 107.4683544303797476
2.6794919243112290 108.4810126582278542
3.7321235030039586 108.4810126561475130
4.7847550817036213 108.4810126541239299
5.8373866604170113 108.4810126522122573
6.8900182391504501 108.4810126504647343
7.9426498179098557 108.4810126489288535
8.9952813967002534 108.4810126476467360
10.0479129755260441 108.4810126466531983
11.1005445543904084 108.4810126459754258
12.1531761332957586 108.4810126456318073
13.2058077122430912 108.4810126456318642
14.2584392912325537 108.4810126459753832
15.3110708702628511 108.4810126466532267
16.3637024493318677 108.4810126476467360
17.4163340284361432 108.4810126489289388
18.4689656075715263 108.4810126504646774
19.5215971867327802 108.4810126522122999
20.5742287659141603 108.4810126541239157
21.6268603451092147 108.4810126561475130
22.6794919243112290 108.4810126582278542
2.6794919243112290 109.4936708860759609
3.7321235030043174 109.4936708839983055
4.7847550817043540 109.4936708819773230
5.8373866604180495 109.4936708800681942
6.8900182391518383 109.4936708783228738
7.9426498179114624 109.4936708767891105
8.9952813967021452 109.4936708755085704
10.0479129755280425 109.4936708745163827
11.1005445543926022 109.4936708738394202
12.1531761332979347 109.4936708734963275
13.2058077122453437 109.4936708734962707
14.2584392912346711 109.4936708738394771
15.3110708702649241 109.4936708745163685
16.3637024493336867 109.4936708755086414
17.4163340284378059 109.4936708767890678
18.4689656075728657 109.4936708783229449
19.5215971867338567 109.4936708800681942
20.5742287659148673 109.4936708819773514
21.6268603451095913 109.4936708839983339
22.6794919243112290 109.4936708860759609
2.6794919243112290 110.5063291139240533
3.7321235030050932 110.5063291118524091
4.7847550817058604 110.5063291098372673
5.8373866604202922 110.5063291079336238
6.8900182391546867 110.5063291061934336
7.9426498179149290 110.5063291046639762
8.9952813967060266 110.5063291033872730
10.0479129755323591 110.5063291023978138
11.1005445543970929 110.5063291017229261
12.1531761333026331 110.5063291013806861
13.2058077122499622 110.5063291013807856
14.2584392912392381 110.5063291017228693
15.3110708702691678 110.5063291023979133
16.3637024493376408 110.5063291033872162
17.4163340284412129 110.5063291046640614
18.4689656075757611 110.5063291061933910
19.5215971867360629 110.5063291079336665
20.5742287659163985 110.5063291098372957
21.6268603451103480 110.5063291118523807
22.6794919243112290 110.5063291139240533
2.6794919243112290 111.5189873417721458
3.7321235030062536 111.5189873397097529
4.7847550817081759 111.5189873377036349
5.8373866604236522 111.5189873358085180
6.8900182391590672 111.5189873340760158
7.9426498179201213 111.5189873325535217
8.9952813967119987 111.5189873312823892
10.0479129755388232 111.5189873302975343
11.1005445544040118 111.5189873296254888
12.1531761333096640 111.5189873292849256
13.2058077122570730 111.5189873292848830
14.2584392912460771 111.5189873296255598
15.3110708702757012 111.5189873302974632
16.3637024493435455 111.5189873312824602
17.4163340284464638 111.5189873325535075
18.4689656075800919 111.5189873340760869
19.5215971867394629 111.5189873358085038
20.5742287659186900 111.5189873377036633
21.6268603451115240 111.5189873397097671
22.6794919243112290 111.5189873417721458
2.6794919243112290 112.5316455696202524
3.7321235030078226 112.5316455675703224
4.7847550817112428 112.5316455655763690
5.8373866604281837 112.5316455636926491
6.8900182391648679 112.5316455619707057
7.9426498179271272 112.5316455604573349
8.9952813967199052 112.5316455591939899
10.0479129755475434 112.5316455582149615
11.1005445544131671 112.5316455575471366
12.1531761333191550 112.5316455572085204
13.2058077122664841 112.5316455572085914
14.2584392912553088 112.5316455575470798
15.3110708702843503 112.5316455582150326
16.3637024493515177 112.5316455591939899
17.4163340284534165 112.5316455604574060
18.4689656075859467 112.5316455619707057
19.5215971867439535 112.5316455636927060
20.5742287659217808 112.5316455655763690
21.6268603451130765 112.5316455675703509
22.6794919243112290 112.5316455696202524
2.6794919243112290 113.5443037974683591
3.7321235030097637 113.5443037954341037
4.7847550817150983 113.5443037934553274
5.8373866604337987 113.5443037915860458
6.8900182391721607 113.5443037898771621
7.9426498179358065 113.5443037883753874
8.9952813967298475 113.5443037871216205
10.0479129755583454 113.5443037861501523
11.1005445544246779 113.5443037854873154
12.1531761333309127 113.5443037851514134
13.2058077122783200 113.5443037851513424
14.2584392912667450 113.5443037854873864
15.3110708702952252 113.5443037861501097
16.3637024493613943 113.5443037871217058
17.4163340284621491 113.5443037883754158
18.4689656075931943 113.5443037898772332
19.5215971867496023 113.5443037915860174
20.5742287659256178 113.5443037934553701
21.6268603451150341 113.5443037954340895
22.6794919243112290 113.5443037974683591
2.6794919243112290 114.5569620253164658
3.7321235030120987 114.5569620233009402
4.7847550817196804 114.5569620213404534
5.8373866604405498 114.5569620194883385
6.8900182391808276 114.5569620177952856
7.9426498179462435 114.5569620163073381
8.9952813967416585 114.5569620150651815
10.0479129755713359 114.5569620141026093
11.1005445544383541 114.5569620134459541
12.1531761333450472 114.5569620131130364
13.2058077122923780 114.5569620131131217
14.2584392912804994 114.5569620134459115
15.3110708703081428 114.5569620141026519
16.3637024493732710 114.5569620150651531
17.4163340284725301 114.5569620163073949
18.4689656076019020 114.5569620177952714
19.5215971867563240 114.5569620194884379
20.5742287659302185 114.5569620213404392
21.6268603451173576 114.5569620233009687
22.6794919243112290 114.5569620253164658
2.6794919243112290 115.5696202531645582
3.7321235030147935 115.5696202511708890
4.7847550817250228 115.5696202492315763
5.8373866604483444 115.5696202473995697
6.8900182391909350 115.5696202457247921
7.9426498179582925 115.5696202442529881
8.9952813967554341 115.5696202430242323
10.0479129755863354 115.5696202420721335
11.1005445544543040 115.5696202414224985
12.1531761333613719 115.5696202410933040
13.2058077123087774 115.5696202410932329
14.2584392912963764 115.5696202414225979
15.3110708703232099 115.5696202420720766
16.3637024493869809 115.5696202430242892
17.4163340284846342 115.5696202442529597
18.4689656076119633 115.5696202457248489
19.5215971867641507 115.5696202473995413
20.5742287659355370 115.5696202492315905
21.6268603451200647 115.5696202511708748
22.6794919243112290 115.5696202531645582
2.6794919243112290 116.5822784810126649
3.7321235030178688 116.5822784790437936
4.7847550817310616 116.5822784771286535
5.8373866604572333 116.5822784753194128
6.8900182392023561 116.5822784736654967
7.9426498179720326 116.5822784722119678
8.9952813967710057 116.5822784709986024
10.0479129756034382 116.5822784700582702
11.1005445544723358 116.5822784694168348
12.1531761333799828 116.5822784690915910
13.2058077123273137 116.5822784690916336
14.2584392913144757 116.5822784694167638
15.3110708703402452 116.5822784700582986
16.3637024494026129 116.5822784709985456
17.4163340284983228 116.5822784722120531
18.4689656076234314 116.5822784736655109
19.5215971867730040 116.5822784753194838
20.5742287659415979 116.5822784771286393
21.6268603451231272 116.5822784790438220
22.6794919243112290 116.5822784810126649
2.6794919243112290 117.5949367088607573
3.7321235030212869 117.5949367069196398
4.7847550817378304 117.5949367050314720
5.8373866604671205 117.5949367032477824
6.8900182392151637 117.5949367016171436
7.9426498179873155 117.5949367001841352
8.9952813967884566 117.5949366989877660
10.0479129756224630 117.5949366980608204
11.1005445544925472 117.5949366974282952
12.1531761334006880 117.5949366971077694
13.2058077123480899 117.5949366971076699
14.2584392913346178 117.5949366974283663
15.3110708703593374 117.5949366980607493
16.3637024494199999 117.5949366989878087
17.4163340285136563 117.5949367001841352
18.4689656076361928 117.5949367016172005
19.5215971867829303 117.5949367032477966
20.5742287659483409 117.5949367050314862
21.6268603451265555 117.5949367069196398
22.6794919243112290 117.5949367088607573
2.6794919243112290 118.6075949367088640
3.7321235030250679 118.6075949347983851
4.7847550817452644 118.6075949329399748
5.8373866604780531 118.6075949311843800
6.8900182392292280 118.6075949295795198
7.9426498180042167 118.6075949281690498
8.9952813968076253 118.6075949269916663
10.0479129756434986 118.6075949260791731
11.1005445545147445 118.6075949254568087
12.1531761334235782 118.6075949251411714
13.2058077123709126 118.6075949251412425
14.2584392913568863 118.6075949254567234
15.3110708703803038 118.6075949260792299
16.3637024494392378 118.6075949269916094
17.4163340285305033 118.6075949281691209
18.4689656076503006 118.6075949295795198
19.5215971867938229 118.6075949311844369
20.5742287659558052 118.6075949329399890
21.6268603451303179 118.6075949347983709
22.6794919243112290 118.6075949367088640
2.6794919243112290 119.6202531645569707
3.7321235030291766 119.6202531626798731
4.7847550817533948 119.6202531608539772
5.8373866604899360 119.6202531591291489
6.8900182392446032 119.6202531575522841
7.9426498180225842 119.6202531561665694
8.9952813968285863 119.6202531550096353
10.0479129756663585 119.6202531541132430
11.1005445545390113 119.6202531535015936
12.1531761334484578 119.6202531531916406
13.2058077123958615 119.6202531531916122
14.2584392913810856 119.6202531535016504
15.3110708704032348 119.6202531541132146
16.3637024494601349 119.6202531550096779
17.4163340285489276 119.6202531561665410
18.4689656076656377 119.6202531575523267
19.5215971868057423 119.6202531591291347
20.5742287659639054 119.6202531608539914
21.6268603451344461 119.6202531626798873
22.6794919243112290 119.6202531645569707
2.6794919243112290 120.6329113924050631
3.7321235030336295 120.6329113905641179
4.7847550817621540 120.6329113887733655
5.8373866605028093 120.6329113870816911
6.8900182392611740 120.6329113855352233
7.9426498180424812 120.6329113841761256
8.9952813968511709 120.6329113830415736
10.0479129756911281 120.6329113821623480
11.1005445545651664 120.6329113815625789
12.1531761334754123 120.6329113812584524
13.2058077124227466 120.6329113812585092
14.2584392914073046 120.6329113815625078
15.3110708704279386 120.6329113821623764
16.3637024494827763 120.6329113830415452
17.4163340285687731 120.6329113841761966
18.4689656076822466 120.6329113855352659
19.5215971868185783 120.6329113870817196
20.5742287659726912 120.6329113887733939
21.6268603451388834 120.6329113905641321
22.6794919243112290 120.6329113924050631
2.6794919243112290 121.6455696202531698
3.7321235030383915 121.6455696184510060
4.7847550817715714 121.6455696166979550
5.8373866605165796 121.6455696150419357
6.8900182392789864 121.6455696135280249
7.9426498180637681 121.6455696121975905
8.9952813968754484 121.6455696110868701
10.0479129757176242 121.6455696102262465
11.1005445545932790 121.6455696096389971
12.1531761335042461 121.6455696093414218
13.2058077124516462 121.6455696093413508
14.2584392914353497 121.6455696096390398
15.3110708704544933 121.6455696102262038
16.3637024495069987 121.6455696110869269
17.4163340285901143 121.6455696121976047
18.4689656077000208 121.6455696135280675
19.5215971868323841 121.6455696150419499
20.5742287659820917 121.6455696166980118
21.6268603451436583 121.6455696184510060
22.6794919243112290 121.6455696202531698
2.6794919243112290 122.6582278481012622
3.7321235030434772 122.6582278463404378
4.7847550817815812 122.6582278446276462
5.8373866605312834 122.6582278430095698
6.8900182392979197 122.6582278415304188
7.9426498180864975 122.6582278402304667
8.9952813969012571 122.6582278391452974
10.0479129757459162 122.6582278383043274
11.1005445546231645 122.6582278377306778
12.1531761335350321 122.6582278374397674
13.2058077124823701 122.6582278374398385
14.2584392914652991 122.6582278377306068
15.3110708704827250 122.6582278383043842
16.3637024495328696 122.6582278391452689
17.4163340286127912 122.6582278402305377
18.4689656077189923 122.6582278415304046
19.5215971868470568 122.6582278430096125
20.5742287659921210 122.6582278446276462
21.6268603451487387 122.6582278463404663
22.6794919243112290 122.6582278481012622
2.6794919243112290 123.6708860759493689
3.7321235030488511 123.6708860742323708
4.7847550817922055 123.6708860725621975
5.8373866605468274 123.6708860709844373
6.8900182393180200 123.6708860695420356
7.9426498181105254 123.6708860682744984
8.9952813969286556 123.6708860672162729
10.0479129757758248 123.6708860663963065
11.1005445546548849 123.6708860658368394
12.1531761335675856 123.6708860655533471
13.2058077125149822 123.6708860655532618
14.2584392914969591 123.6708860658369105
15.3110708705126992 123.6708860663962639
16.3637024495602041 123.6708860672163155
17.4163340286368680 123.6708860682744842
18.4689656077390580 123.6708860695421066
19.5215971868626355 123.6708860709844089
20.5742287660027223 123.6708860725622117
21.6268603451541210 123.6708860742323566
22.6794919243112290 123.6708860759493689
2.6794919243112290 124.6835443037974755
3.7321235030545297 124.6835443021267196
4.7847550818033868 124.6835443005014952
5.8373866605632436 124.6835442989661686
6.8900182393391702 124.6835442975626620
7.9426498181359060 124.6835442963292309
8.9952813969574787 124.6835442952995265
10.0479129758074155 124.6835442945015586
11.1005445546882662 124.6835442939572403
12.1531761336019581 124.6835442936812512
13.2058077125493014 124.6835442936813365
14.2584392915303990 124.6835442939572118
15.3110708705442242 124.6835442945016297
16.3637024495890806 124.6835442952994839
17.4163340286621953 124.6835442963292877
18.4689656077602429 124.6835442975626478
19.5215971868790241 124.6835442989662539
20.5742287660139276 124.6835443005014952
21.6268603451597841 124.6835443021266912
22.6794919243112290 124.6835443037974755
2.6794919243112290 125.6962025316455822
3.7321235030604787 125.6962025300233279
4.7847550818151410 125.6962025284453688
5.8373866605804459 125.6962025269546785
6.8900182393614040 125.6962025255919144
7.9426498181624963 125.6962025243943515
8.9952813969877852 125.6962025233945042
10.0479129758405108 125.6962025226198278
11.1005445547233563 125.6962025220911841
12.1531761336379791 125.6962025218233805
13.2058077125853721 125.6962025218232810
14.2584392915654359 125.6962025220912835
15.3110708705773764 125.6962025226197426
16.3637024496193355 125.6962025233945610
17.4163340286888371 125.6962025243942946
18.4689656077824402 125.6962025255919713
19.5215971868962512 125.6962025269546359
20.5742287660256586 125.6962025284453830
21.6268603451657455 125.6962025300233563
22.6794919243112290 125.6962025316455822
2.6794919243112290 126.7088607594936747
3.7321235030667061 126.7088607579221815
4.7847550818274094 126.7088607563936051
5.8373866605984546 126.7088607549495549
6.8900182393846112 126.7088607536295228
7.9426498181903353 126.7088607524693487
8.9952813970194132 126.7088607515008789
10.0479129758751622 126.7088607507503184
11.1005445547599830 126.7088607502384008
12.1531761336756841 126.7088607499787827
13.2058077126230256 126.7088607499788679
14.2584392916021159 126.7088607502383297
15.3110708706119780 126.7088607507503895
16.3637024496510115 126.7088607515008221
17.4163340287166264 126.7088607524693771
18.4689656078056821 126.7088607536294660
19.5215971869142280 126.7088607549495975
20.5742287660379439 126.7088607563936193
21.6268603451719628 126.7088607579222099
22.6794919243112290 126.7088607594936747
2.6794919243112290 127.7215189873417671
3.7321235030731841 127.7215189858232236
4.7847550818402071 127.7215189843460763
5.8373866606171871 127.7215189829506841
6.8900182394088194 127.7215189816750325
7.9426498182192891 127.7215189805539808
8.9952813970524073 127.7215189796180397
10.0479129759112045 127.7215189788928882
11.1005445547981889 127.7215189783980662
12.1531761337149078 127.7215189781473157
13.2058077126623044 127.7215189781472731
14.2584392916402667 127.7215189783980804
15.3110708706480718 127.7215189788928313
16.3637024496839594 127.7215189796180681
17.4163340287456272 127.7215189805539808
18.4689656078298512 127.7215189816750325
19.5215971869329863 127.7215189829506414
20.5742287660507195 127.7215189843460905
21.6268603451784536 127.7215189858232094
22.6794919243112290 127.7215189873417671
2.6794919243112290 128.7341772151898738
3.7321235030799196 128.7341772137262410
4.7847550818534756 128.7341772123025976
5.8373866606366631 128.7341772109577107
6.8900182394339193 128.7341772097282728
7.9426498182493974 128.7341772086477647
8.9952813970866199 128.7341772077457449
10.0479129759486785 128.7341772070467414
11.1005445548378052 128.7341772065699388
12.1531761337556876 128.7341772063281553
13.2058077127030309 128.7341772063281553
14.2584392916799363 128.7341772065698819
15.3110708706854908 128.7341772070467414
16.3637024497182182 128.7341772077456881
17.4163340287756938 128.7341772086477647
18.4689656078549866 128.7341772097282444
19.5215971869524409 128.7341772109577391
20.5742287660640102 128.7341772123026260
21.6268603451851753 128.7341772137262979
22.6794919243112290 128.7341772151898738
2.6794919243112290 129.7468354430379804
3.7321235030868833 129.7468354416313048
4.7847550818672300 129.7468354402629700
5.8373866606567999 129.7468354389704075
6.8900182394599359 129.7468354377887465
7.9426498182805236 129.7468354367503593
8.9952813971220831 129.7468354358833551
10.0479129759874226 129.7468354352115796
11.1005445548788693 129.7468354347532511
12.1531761337978512 129.7468354345209320
13.2058077127452442 129.7468354345209036
14.2584392917209488 129.7468354347532227
15.3110708707242882 129.7468354352115227
16.3637024497536387 129.7468354358833835
17.4163340288068582 129.7468354367502741
18.4689656078809747 129.7468354377887749
19.5215971869725990 129.7468354389704075
20.5742287660777485 129.7468354402630837
21.6268603451921528 129.7468354416313048
22.6794919243112290 129.7468354430379804
2.6794919243112290 130.7594936708860871
3.7321235030940803 130.7594936695381875
4.7847550818814124 130.7594936682270657
5.8373866606776126 130.7594936669884760
6.8900182394867677 130.7594936658562688
7.9426498183126970 130.7594936648611679
8.9952813971586512 130.7594936640304866
10.0479129760274706 130.7594936633867349
11.1005445549212141 130.7594936629476194
12.1531761338414341 130.7594936627249638
13.2058077127887739 130.7594936627249922
14.2584392917633451 130.7594936629475910
15.3110708707642900 130.7594936633867633
16.3637024497902530 130.7594936640304581
17.4163340288389961 130.7594936648611963
18.4689656079078333 130.7594936658562119
19.5215971869933895 130.7594936669885328
20.5742287660919416 130.7594936682270941
21.6268603451993435 130.7594936695382444
22.6794919243112290 130.7594936708860871
2.6794919243112290 131.7721518987341938
3.7321235031014850 131.7721518974468609
4.7847550818960345 131.7721518961946288
5.8373866606990239 131.7721518950117456
6.8900182395144292 131.7721518939303280
7.9426498183457950 131.7721518929800197
8.9952813971963508 131.7721518921866277
10.0479129760686661 131.7721518915718377
11.1005445549648698 131.7721518911523901
12.1531761338862641 131.7721518909397957
13.2058077128336624 131.7721518909397673
14.2584392918069494 131.7721518911524470
15.3110708708055370 131.7721518915718661
16.3637024498279118 131.7721518921866277
17.4163340288721251 131.7721518929799913
18.4689656079354663 131.7721518939303564
19.5215971870148230 131.7721518950117172
20.5742287661065539 131.7721518961946856
21.6268603452067509 131.7721518974468893
22.6794919243112290 131.7721518987341938
2.6794919243112290 132.7848101265822720
3.7321235031091007 132.7848101253571826
4.7847550819110438 132.7848101241655741
5.8373866607210454 132.7848101230397901
6.8900182395428189 132.7848101220107537
7.9426498183798344 132.7848101211063181
8.9952813972350487 132.7848101203513238
10.0479129761110393 132.7848101197662913
11.1005445550096766 132.7848101193671653
12.1531761339323801 132.7848101191648027
13.2058077128797215 132.7848101191648027
14.2584392918518059 132.7848101193671084
15.3110708708478622 132.7848101197662913
16.3637024498666435 132.7848101203513238
17.4163340289061317 132.7848101211063465
18.4689656079638844 132.7848101220107253
19.5215971870368250 132.7848101230398754
20.5742287661215819 132.7848101241655741
21.6268603452143644 132.7848101253572395
22.6794919243112290 132.7848101265822720
2.6794919243112290 133.7974683544303787
3.7321235031169011 133.7974683532691813
4.7847550819264457 133.7974683521396173
5.8373866607436007 133.7974683510725242
6.8900182395719520 133.7974683500970912
7.9426498184147007 133.7974683492398071
8.9952813972747574 133.7974683485241485
10.0479129761544375 133.7974683479695841
11.1005445550556630 133.7974683475912059
12.1531761339796063 133.7974683473994446
13.2058077129269975 133.7974683473994446
14.2584392918977496 133.7974683475912627
15.3110708708913030 133.7974683479695557
16.3637024499063131 133.7974683485241485
17.4163340289410300 133.7974683492398071
18.4689656079929918 133.7974683500970912
19.5215971870593954 133.7974683510725242
20.5742287661369687 133.7974683521396457
21.6268603452221662 133.7974683532691529
22.6794919243112290 133.7974683544303787
2.6794919243112290 134.8101265822784853
3.7321235031248898 134.8101265811826295
4.7847550819421896 134.8101265801165880
5.8373866607667004 134.8101265791096068
6.8900182396017371 134.8101265781890277
7.9426498184504073 134.8101265773800037
8.9952813973153525 134.8101265767045902
10.0479129761988819 134.8101265761812044
11.1005445551026654 134.8101265758241425
12.1531761340279747 134.8101265756431815
13.2058077129753180 134.8101265756431815
14.2584392919447946 134.8101265758241425
15.3110708709357048 134.8101265761812044
16.3637024499469454 134.8101265767045902
17.4163340289767063 134.8101265773800037
18.4689656080227991 134.8101265781889992
19.5215971870824809 134.8101265791095784
20.5742287661527250 134.8101265801165880
21.6268603452301491 134.8101265811826011
22.6794919243112290 134.8101265822784853
2.6794919243112290 135.8227848101265920
3.7321235031330398 135.8227848090974419
4.7847550819582825 135.8227848080964009
5.8373866607902682 135.8227848071506685
6.8900182396321750 135.8227848062861938
7.9426498184868395 135.8227848055264246
8.9952813973568375 135.8227848048921373
10.0479129762442287 135.8227848044006691
11.1005445551507069 135.8227848040653214
12.1531761340773201 135.8227848038953596
13.2058077130247096 135.8227848038953880
14.2584392919927954 135.8227848040653498
15.3110708709810872 135.8227848044006407
16.3637024499884021 135.8227848048921373
17.4163340290131643 135.8227848055263678
18.4689656080532139 135.8227848062861938
19.5215971871060603 135.8227848071506685
20.5742287661688046 135.8227848080964009
21.6268603452383061 135.8227848090974419
22.6794919243112290 135.8227848101265920
2.6794919243112290 136.8354430379746987
3.7321235031413540 136.8354430370135901
4.7847550819746711 136.8354430360787433
5.8373866608143103 136.8354430351955671
6.8900182396631786 136.8354430343882200
7.9426498185240053 136.8354430336787004
8.9952813973991006 136.8354430330864204
10.0479129762904886 136.8354430326273814
11.1005445551996402 136.8354430323142594
12.1531761341276621 136.8354430321554958
13.2058077130750124 136.8354430321555242
14.2584392920417642 136.8354430323142310
15.3110708710273116 136.8354430326273814
16.3637024500306900 136.8354430330863636
17.4163340290503044 136.8354430336786720
18.4689656080842397 136.8354430343881631
19.5215971871300908 136.8354430351955671
20.5742287661852039 136.8354430360786580
21.6268603452466159 136.8354430370136186
22.6794919243112290 136.8354430379746987
2.6794919243112290 137.8481012658227769
3.7321235031498099 137.8481012649309889
4.7847550819913618 137.8481012640634447
5.8373866608387583 137.8481012632439615
6.8900182396947516 137.8481012624947937
7.9426498185617982 137.8481012618364332
8.9952813974421311 137.8481012612867289
10.0479129763375319 137.8481012608608864
11.1005445552494688 137.8481012605702745
12.1531761341788549 137.8481012604229932
13.2058077131262390 137.8481012604229647
14.2584392920915590 137.8481012605702745
15.3110708710743886 137.8481012608608296
16.3637024500736921 137.8481012612867573
17.4163340290881266 137.8481012618364048
18.4689656081157949 137.8481012624948221
19.5215971871545548 137.8481012632439331
20.5742287662018839 137.8481012640635015
21.6268603452550749 137.8481012649309321
22.6794919243112290 137.8481012658227769
2.6794919243112290 138.8607594936708836
3.7321235031584048 138.8607594928494677
4.7847550820083091 138.8607594920504198
5.8373866608636131 138.8607594912955676
6.8900182397268077 138.8607594906055738
7.9426498186002172 138.8607594899991113
8.9952813974858259 138.8607594894929207
10.0479129763853532 138.8607594891005874
11.1005445553000666 138.8607594888329402
12.1531761342308968 138.8607594886972549
13.2058077131782525 138.8607594886972549
14.2584392921421834 138.8607594888329118
15.3110708711221832 138.8607594891005874
16.3637024501174153 138.8607594894928354
17.4163340291265243 138.8607594899991398
18.4689656081478688 138.8607594906055169
19.5215971871793990 138.8607594912956529
20.5742287662188374 138.8607594920503914
21.6268603452636690 138.8607594928494962
22.6794919243112290 138.8607594936708836
2.6794919243112290 139.8734177215189902
3.7321235031671183 139.8734177207689697
4.7847550820255078 139.8734177200393844
5.8373866608888108 139.8734177193502148
6.8900182397593426 139.8734177187201340
7.9426498186391683 139.8734177181664506
8.9952813975301673 139.8734177177042000
10.0479129764338371 139.8734177173460012
11.1005445553514104 139.8734177171016313
12.1531761342836599 139.8734177169777126
13.2058077132310405 139.8734177169777411
14.2584392921935077 139.8734177171016029
15.3110708711706902 139.8734177173459727
16.3637024501617390 139.8734177177041715
17.4163340291654904 139.8734177181663938
18.4689656081803868 139.8734177187201624
19.5215971872046055 139.8734177193501580
20.5742287662360290 139.8734177200394413
21.6268603452723909 139.8734177207689697
22.6794919243112290 139.8734177215189902
2.6794919243112290 140.8860759493670969
3.7321235031759490 140.8860759486894096
4.7847550820429197 140.8860759480302534
5.8373866609143468 140.8860759474075053
6.8900182397922798 140.8860759468382184
7.9426498186786416 140.8860759463379395
8.9952813975750612 140.8860759459202825
10.0479129764829711 140.8860759455966445
11.1005445554033972 140.8860759453758362
12.1531761343371283 140.8860759452639115
13.2058077132844875 140.8860759452639115
14.2584392922455123 140.8860759453757794
15.3110708712198065 140.8860759455966445
16.3637024502066417 140.8860759459202541
17.4163340292049504 140.8860759463379395
18.4689656082133347 140.8860759468381332
19.5215971872301317 140.8860759474075337
20.5742287662534515 140.8860759480301681
21.6268603452812087 140.8860759486894381
22.6794919243112290 140.8860759493670969
2.6794919243112290 141.8987341772152035
3.7321235031848761 141.8987341766107306
4.7847550820605393 141.8987341760226855
5.8373866609401599 141.8987341754672400
6.8900182398256087 141.8987341749594577
7.9426498187185466 141.8987341745131801
8.9952813976204880 141.8987341741406283
10.0479129765326416 141.8987341738519490
11.1005445554560023 141.8987341736550150
12.1531761343911828 141.8987341735551411
13.2058077133385616 141.8987341735551126
14.2584392922980978 141.8987341736549581
15.3110708712694894 141.8987341738518921
16.3637024502520561 141.8987341741406283
17.4163340292448652 141.8987341745131516
18.4689656082466556 141.8987341749594293
19.5215971872559564 141.8987341754672116
20.5742287662710623 141.8987341760227423
21.6268603452901438 141.8987341766107306
22.6794919243112290 141.8987341772152035
2.6794919243112290 142.9113924050632818
3.7321235031938982 142.9113924045327337
4.7847550820783278 142.9113924040166523
5.8373866609662475 142.9113924035291348
6.8900182398592591 142.9113924030834255
7.9426498187588681 142.9113924026917459
8.9952813976663570 142.9113924023648110
10.0479129765828308 142.9113924021113746
11.1005445555091136 142.9113924019385138
12.1531761344458022 142.9113924018508612
13.2058077133931615 142.9113924018508612
14.2584392923512233 142.9113924019384854
15.3110708713196679 142.9113924021113746
16.3637024502979358 142.9113924023647257
17.4163340292851743 142.9113924026917459
18.4689656082803175 142.9113924030834255
19.5215971872820333 142.9113924035291632
20.5742287662888579 142.9113924040166523
21.6268603452991606 142.9113924045327337
22.6794919243112290 142.9113924050632818
2.6794919243112290 143.9240506329114169
3.7321235032029936 143.9240506324554190
4.7847550820962779 143.9240506320118698
5.8373866609925491 143.9240506315928769
6.8900182398932142 143.9240506312098375
7.9426498187995289 143.9240506308732392
8.9952813977126329 143.9240506305922054
10.0479129766334410 143.9240506303744667
11.1005445555627009 143.9240506302259064
12.1531761345008800 143.9240506301505889
13.2058077134482552 143.9240506301505604
14.2584392924048018 143.9240506302258780
15.3110708713702905 143.9240506303744667
16.3637024503442028 143.9240506305922054
17.4163340293258457 143.9240506308731824
18.4689656083142602 143.9240506312098375
19.5215971873083447 143.9240506315929053
20.5742287663068026 143.9240506320118982
21.6268603453082591 143.9240506324554190
22.6794919243112290 143.9240506329114169
2.6794919243112290 144.9367088607594951
3.7321235032121605 144.9367088603786726
4.7847550821143559 144.9367088600082525
5.8373866610190541 144.9367088596582960
6.8900182399274081 144.9367088593383244
7.9426498188404979 144.9367088590571768
8.9952813977592410 144.9367088588224988
10.0479129766844366 144.9367088586405998
11.1005445556166720 144.9367088585165391
12.1531761345563751 144.9367088584536418
13.2058077135037415 144.9367088584536418
14.2584392924587799 144.9367088585165391
15.3110708714212755 144.9367088586405714
16.3637024503908215 144.9367088588224703
17.4163340293668085 144.9367088590572052
18.4689656083484621 144.9367088593383244
19.5215971873348373 144.9367088596582676
20.5742287663248860 144.9367088600081956
21.6268603453174251 144.9367088603786726
22.6794919243112290 144.9367088607594951
2.6794919243112290 145.9493670886076018
3.7321235032213798 145.9493670883023526
4.7847550821325484 145.9493670880055163
5.8373866610457137 145.9493670877249940
6.8900182399618215 145.9493670874686018
7.9426498188817103 145.9493670872432745
8.9952813978061421 145.9493670870550943
10.0479129767357342 145.9493670869094046
11.1005445556709823 145.9493670868099287
12.1531761346121989 145.9493670867595085
13.2058077135595706 145.9493670867595370
14.2584392925130850 145.9493670868099287
15.3110708714725821 145.9493670869093762
16.3637024504377209 145.9493670870551512
17.4163340294080271 145.9493670872432176
18.4689656083828702 145.9493670874686302
19.5215971873615040 145.9493670877249940
20.5742287663430687 145.9493670880054879
21.6268603453266444 145.9493670883023526
22.6794919243112290 145.9493670886076018
2.6794919243112290 146.9620253164557084
3.7321235032306461 146.9620253162264873
4.7847550821508227 146.9620253160034338
5.8373866610725091 146.9620253157928289
6.8900182399963930 146.9620253156002434
7.9426498189231296 146.9620253154310205
8.9952813978532653 146.9620253152897078
10.0479129767872877 146.9620253151802274
11.1005445557255467 146.9620253151055635
12.1531761346683016 146.9620253150676774
13.2058077136156662 146.9620253150676774
14.2584392925676564 146.9620253151055351
15.3110708715241302 146.9620253151802274
16.3637024504848476 146.9620253152896794
17.4163340294494446 146.9620253154310205
18.4689656084174487 146.9620253156002150
19.5215971873882914 146.9620253157928289
20.5742287663613546 146.9620253160034622
21.6268603453359098 146.9620253162264305
22.6794919243112290 146.9620253164557084
2.6794919243112290 147.9746835443037867
3.7321235032399436 147.9746835441507926
4.7847550821691689 147.9746835440020334
5.8373866610993943 147.9746835438614028
6.8900182400310950 147.9746835437329366
7.9426498189646919 147.9746835436199603
8.9952813979005644 147.9746835435256855
10.0479129768390223 147.9746835434526417
11.1005445557803135 147.9746835434027616
12.1531761347245997 147.9746835433774947
13.2058077136719714 147.9746835433774947
14.2584392926224215 147.9746835434027616
15.3110708715758719 147.9746835434526133
16.3637024505321413 147.9746835435257140
17.4163340294910114 147.9746835436199603
18.4689656084521445 147.9746835437329366
19.5215971874151819 147.9746835438614028
20.5742287663796972 147.9746835440020050
21.6268603453452073 147.9746835441507926
22.6794919243112290 147.9746835443037867
2.6794919243112290 148.9873417721519218
3.7321235032492655 148.9873417720753821
4.7847550821875560 148.9873417720008888
5.8373866611263496 148.9873417719306019
6.8900182400658778 148.9873417718662836
7.9426498190063572 148.9873417718098096
8.9952813979479735 148.9873417717626296
10.0479129768908830 148.9873417717260509
11.1005445558352118 148.9873417717011250
12.1531761347810399 148.9873417716884489
13.2058077137284062 148.9873417716884489
14.2584392926773198 148.9873417717010966
15.3110708716277237 148.9873417717260509
16.3637024505795523 148.9873417717626296
17.4163340295326705 148.9873417718097812
18.4689656084869291 148.9873417718662836
19.5215971874421399 148.9873417719306019
20.5742287663980861 148.9873417720009172
21.6268603453545261 148.9873417720753537
22.6794919243112290 148.9873417721519218
2.6794919243112290 150.0000000000000000
3.7321235032585971 150.0000000000000000
4.7847550822059652 150.0000000000000000
5.8373866611533343 150.0000000000000000
6.8900182401007024 150.0000000000000000
7.9426498190480705 150.0000000000000000
8.9952813979954396 150.0000000000000000
10.0479129769428077 150.0000000000000000
11.1005445558901759 150.0000000000000000
12.1531761348375440 150.0000000000000000
13.2058077137849121 150.0000000000000000
14.2584392927322803 150.0000000000000000
15.3110708716796502 150.0000000000000000
16.3637024506270166 150.0000000000000000
17.4163340295743865 150.0000000000000000
18.4689656085217564 150.0000000000000000
19.5215971874691228 150.0000000000000000
20.5742287664164927 150.0000000000000000
21.6268603453638590 150.0000000000000000
22.6794919243112290 150.0000000000000000
