# step, loss_train, loss_test, metrics_test
0.000000000000000000e+00 3.649278879165649414e-01 3.438033163547515869e-01 4.431815429687500000e+03 2.625727653503417969e-01 6.246638894081115723e-01 8.670479774475097656e+00 1.510284185409545898e+00 1.363498438149690628e-02 3.815241754055023193e-01 3.474147915840148926e-01 4.437551269531250000e+03 2.614096999168395996e-01 5.745127797126770020e-01 8.670479774475097656e+00 1.510284185409545898e+00 1.363498624414205551e-02 6.293077766895294189e-02
1.000000000000000000e+03 3.441764414310455322e-01 3.359879553318023682e-01 3.470169007778167725e-01 1.109719276428222656e-01 7.650675773620605469e-01 5.673501014709472656e+00 4.669845104217529297e-02 5.190283805131912231e-02 7.312734127044677734e-01 6.695616841316223145e-01 2.829478740692138672e+00 2.703931927680969238e-01 1.506940960884094238e+00 5.673501014709472656e+00 4.669845476746559143e-02 5.190282687544822693e-02 2.245426736772060394e-02
2.000000000000000000e+03 1.294739246368408203e-01 1.197308674454689026e-01 1.516733467578887939e-01 5.012897402048110962e-02 3.237890601158142090e-01 2.922721147537231445e+00 1.625423319637775421e-02 1.974729076027870178e-02 3.813864588737487793e-01 2.617720663547515869e-01 1.979298233985900879e+00 8.521527796983718872e-02 7.157859206199645996e-01 2.922720670700073242e+00 1.625425182282924652e-02 1.974728889763355255e-02 1.394485030323266983e-02
3.000000000000000000e+03 8.283366262912750244e-02 5.614503845572471619e-02 3.311879038810729980e-01 5.943214893341064453e-02 1.605759412050247192e-01 1.497082829475402832e+00 5.102154333144426346e-03 7.325610145926475525e-03 2.601092159748077393e-01 1.181684285402297974e-01 2.579791307449340820e+00 2.103642523288726807e-01 3.421667516231536865e-01 1.497083663940429688e+00 5.102160852402448654e-03 7.325616665184497833e-03 9.818024933338165283e-03
4.000000000000000000e+03 6.049994379281997681e-02 2.821622043848037720e-02 6.117311865091323853e-02 1.880218647420406342e-02 9.684407711029052734e-02 8.527795076370239258e-01 3.771124640479683876e-03 4.601217806339263916e-03 1.723769754171371460e-01 6.443759799003601074e-02 2.675148725509643555e+00 3.482962846755981445e-01 2.311580926179885864e-01 8.527792096138000488e-01 3.771133488044142723e-03 4.601228050887584686e-03 7.833685725927352905e-03
5.000000000000000000e+03 4.307778924703598022e-02 1.752109639346599579e-02 3.688776493072509766e-02 1.621430553495883942e-02 6.730734556913375854e-02 4.977643489837646484e-01 5.547505337744951248e-03 3.908595535904169083e-03 1.301189213991165161e-01 4.150179773569107056e-02 2.780440807342529297e+00 3.680817186832427979e-01 1.824561655521392822e-01 4.977643489837646484e-01 5.547495093196630478e-03 3.908595535904169083e-03 6.753315217792987823e-03
6.000000000000000000e+03 2.631838433444499969e-02 1.066399831324815750e-02 2.159285731613636017e-02 1.459107734262943268e-02 4.918533191084861755e-02 2.984657585620880127e-01 7.407020777463912964e-03 3.284047357738018036e-03 1.091616451740264893e-01 2.589843049645423889e-02 1.892391324043273926e+00 2.633938789367675781e-01 1.483290791511535645e-01 2.984657883644104004e-01 7.407025899738073349e-03 3.284042468294501305e-03 5.701009184122085571e-03
7.000000000000000000e+03 1.728387735784053802e-02 5.775832571089267731e-03 1.484205666929483414e-02 1.319220755249261856e-02 3.501984104514122009e-02 1.817793846130371094e-01 9.144377894699573517e-03 2.764655277132987976e-03 9.534883499145507812e-02 1.688471622765064240e-02 1.196566343307495117e+00 1.755618900060653687e-01 1.222533285617828369e-01 1.817792505025863647e-01 9.144376963376998901e-03 2.764651784673333168e-03 4.875088110566139221e-03
8.000000000000000000e+03 1.356767397373914719e-02 9.966013021767139435e-03 1.193526610732078552e-01 2.102650515735149384e-02 3.899542614817619324e-02 1.049708202481269836e-01 1.097287982702255249e-02 2.160611096769571304e-03 7.207759469747543335e-02 2.132716402411460876e-02 1.113087058067321777e+00 1.431362181901931763e-01 1.009217873215675354e-01 1.049708202481269836e-01 1.097287982702255249e-02 2.160611795261502266e-03 4.459464922547340393e-03
9.000000000000000000e+03 1.231488306075334549e-02 7.544113323092460632e-03 1.741549968719482422e+00 3.848663866519927979e-01 3.497699275612831116e-02 4.967922717332839966e-02 8.636639453470706940e-03 1.635570661164820194e-03 5.540182814002037048e-02 1.674589887261390686e-02 2.735915899276733398e+00 5.093267560005187988e-01 8.200654387474060059e-02 4.967921599745750427e-02 8.636646904051303864e-03 1.635571941733360291e-03 3.715001977980136871e-03
1.000000000000000000e+04 1.058794092386960983e-02 8.435209281742572784e-03 3.633256852626800537e-01 5.087367817759513855e-02 2.353541739284992218e-02 5.609346926212310791e-02 1.089358422905206680e-02 1.542769372463226318e-03 4.940199851989746094e-02 1.963657140731811523e-02 6.831446886062622070e-01 1.044725924730300903e-01 7.576134055852890015e-02 5.609342455863952637e-02 1.089357119053602219e-02 1.542767276987433434e-03 4.178241360932588577e-03
1.100000000000000000e+04 4.212028812617063522e-03 2.847432391718029976e-03 7.320330012589693069e-03 8.880077861249446869e-03 1.022683456540107727e-02 3.059728816151618958e-02 1.014873012900352478e-02 1.136046019382774830e-03 3.506062924861907959e-02 9.690713137388229370e-03 3.436408042907714844e-01 4.729591682553291321e-02 4.690442234277725220e-02 3.059725463390350342e-02 1.014871988445520401e-02 1.136045553721487522e-03 3.435269230976700783e-03
1.200000000000000000e+04 6.905369460582733154e-03 3.292394569143652916e-03 3.077338635921478271e-01 8.718392252922058105e-02 1.382767688482999802e-02 2.638476155698299408e-02 9.554666467010974884e-03 1.021778560243546963e-03 4.045610129833221436e-02 1.017874572426080704e-02 4.630436301231384277e-01 1.222938448190689087e-01 4.856171458959579468e-02 2.638483606278896332e-02 9.554652497172355652e-03 1.021778909489512444e-03 3.834986360743641853e-03
1.300000000000000000e+04 2.845148323103785515e-03 1.804661354981362820e-03 1.142748724669218063e-02 4.529863595962524414e-03 6.986271589994430542e-03 1.525630708783864975e-02 7.886826992034912109e-03 9.576252195984125137e-04 3.206943720579147339e-02 8.755671791732311249e-03 1.789565086364746094e-01 4.255077242851257324e-02 3.653189539909362793e-02 1.525631733238697052e-02 7.886824198067188263e-03 9.576252195984125137e-04 3.326995298266410828e-03
1.400000000000000000e+04 2.364230575039982796e-03 1.690524979494512081e-03 3.745385911315679550e-03 2.127429004758596420e-03 5.907697603106498718e-03 1.018867176026105881e-02 6.813525222241878510e-03 8.077736129052937031e-04 3.054620325565338135e-02 9.748362004756927490e-03 1.281808167695999146e-01 3.886874392628669739e-02 2.924192510545253754e-02 1.018868293613195419e-02 6.813520099967718124e-03 8.077736129052937031e-04 3.171702148392796516e-03
1.500000000000000000e+04 2.050966955721378326e-03 1.639836351387202740e-03 6.563900969922542572e-03 3.076570574194192886e-03 5.408023484051227570e-03 7.069203536957502365e-03 5.964805837720632553e-03 7.944627432152628899e-04 2.942529506981372833e-02 1.014833059161901474e-02 1.073175668716430664e-01 3.782407194375991821e-02 2.721248008310794830e-02 7.069181185215711594e-03 5.964805837720632553e-03 7.944632670842111111e-04 3.047727746888995171e-03
1.600000000000000000e+04 1.882521319203078747e-03 1.548117492347955704e-03 3.377681598067283630e-03 1.732152770273387432e-03 4.824682138860225677e-03 5.432813428342342377e-03 5.492198746651411057e-03 8.234743727371096611e-04 3.069284372031688690e-02 1.007973309606313705e-02 7.413908839225769043e-02 3.333986178040504456e-02 2.683300711214542389e-02 5.432809237390756607e-03 5.492201074957847595e-03 8.234738488681614399e-04 2.951312577351927757e-03
1.700000000000000000e+04 1.556178904138505459e-03 1.435951562598347664e-03 2.416029572486877441e-03 1.241888268850743771e-03 4.681110847741365433e-03 4.211678635329008102e-03 4.781004972755908966e-03 7.487952243536710739e-04 3.222132846713066101e-02 9.517407044768333435e-03 6.000267341732978821e-02 4.060600325465202332e-02 2.464252524077892303e-02 4.211689345538616180e-03 4.781003575772047043e-03 7.487947004847228527e-04 2.937743673101067543e-03
1.800000000000000000e+04 1.500981976278126240e-03 1.419938518665730953e-03 1.371861901134252548e-02 1.620734576135873795e-03 4.272561985999345779e-03 2.713943831622600555e-03 4.698541015386581421e-03 7.989236619323492050e-04 3.589018434286117554e-02 9.944791905581951141e-03 6.918663531541824341e-02 3.159003704786300659e-02 2.380142733454704285e-02 2.713940804824233055e-03 4.698539618402719498e-03 7.989233126863837242e-04 2.906874287873506546e-03
1.900000000000000000e+04 1.300204661674797535e-03 1.283116638660430908e-03 3.266506828367710114e-03 1.521620084531605244e-03 3.884047968313097954e-03 2.628496382385492325e-03 3.706497605890035629e-03 7.424365612678229809e-04 4.041632637381553650e-02 1.010527089238166809e-02 3.670720010995864868e-02 4.436432570219039917e-02 2.206420898437500000e-02 2.628499642014503479e-03 3.706505289301276207e-03 7.424355135299265385e-04 2.908420516178011894e-03
2.000000000000000000e+04 1.906919176690280437e-03 1.896483357995748520e-03 6.583974510431289673e-02 1.060867309570312500e-02 5.705094430595636368e-03 1.450982526876032352e-03 3.202149411663413048e-03 8.103406871668994427e-04 3.707186132669448853e-02 1.017046906054019928e-02 1.140308082103729248e-01 4.347430542111396790e-02 2.291323617100715637e-02 1.450983574613928795e-03 3.202149644494056702e-03 8.103402215056121349e-04 2.879435895010828972e-03
2.100000000000000000e+04 4.352598916739225388e-03 1.586451940238475800e-02 3.421317413449287415e-02 1.580445095896720886e-02 3.360740840435028076e-02 1.360260648652911186e-03 3.282043151557445526e-03 8.333128644153475761e-04 3.320252522826194763e-02 2.128254435956478119e-02 7.539296895265579224e-02 4.968523979187011719e-02 4.326329752802848816e-02 1.360252266749739647e-03 3.282044082880020142e-03 8.333112928085029125e-04 3.288765437901020050e-03
2.200000000000000000e+04 7.942731026560068130e-04 1.031543011777102947e-03 2.515200525522232056e-03 1.436178339645266533e-03 3.666637465357780457e-03 1.357337110675871372e-03 2.533104037865996361e-03 8.778923656791448593e-04 5.165860429406166077e-02 1.001916918903589249e-02 2.419305592775344849e-02 4.180901125073432922e-02 2.436980232596397400e-02 1.357334665954113007e-03 2.533099148422479630e-03 8.778914343565702438e-04 3.110292833298444748e-03
2.300000000000000000e+04 8.465280989184975624e-04 9.351823246106505394e-04 4.342207685112953186e-03 8.790733409114181995e-04 3.136041341349482536e-03 1.311562606133520603e-03 2.227936638519167900e-03 7.909192354418337345e-04 7.290375977754592896e-02 9.873902425169944763e-03 1.675106398761272430e-02 3.670823201537132263e-02 2.094391919672489166e-02 1.311560976319015026e-03 2.227936172857880592e-03 7.909195264801383018e-04 3.347917227074503899e-03
2.400000000000000000e+04 7.553246687166392803e-04 8.848131983540952206e-04 1.024640398100018501e-03 5.085168522782623768e-04 2.921552630141377449e-03 1.027219579555094242e-03 2.022834727540612221e-03 7.800182211212813854e-04 6.997321546077728271e-02 9.865272790193557739e-03 1.449609454721212387e-02 4.452393576502799988e-02 2.044729702174663544e-02 1.027215854264795780e-03 2.022841246798634529e-03 7.800172897987067699e-04 3.339914837852120399e-03
2.500000000000000000e+04 7.675016531720757484e-04 1.379241351969540119e-03 3.566647320985794067e-02 7.959506474435329437e-03 3.718943567946553230e-03 6.348216556943953037e-04 1.762644038535654545e-03 7.859148900024592876e-04 7.616282999515533447e-02 1.094545144587755203e-02 5.513432621955871582e-02 4.152144864201545715e-02 2.143099159002304077e-02 6.348168244585394859e-04 1.762649975717067719e-03 7.859162287786602974e-04 3.517997916787862778e-03
2.600000000000000000e+04 8.161182631738483906e-04 1.174692064523696899e-03 1.960703171789646149e-03 1.497665070928633213e-03 5.212724674493074417e-03 1.663580071181058884e-03 3.483573207631707191e-03 1.231698901392519474e-03 3.566980361938476562e-02 9.712979197502136230e-03 1.884495653212070465e-02 5.032722651958465576e-02 4.228240251541137695e-02 1.663580769672989845e-03 3.483567619696259499e-03 1.231701578944921494e-03 3.127025905996561050e-03
2.700000000000000000e+04 5.094272783026099205e-04 9.684406686574220657e-04 1.260188291780650616e-03 7.098634378053247929e-04 3.403054317459464073e-03 1.481390325352549553e-03 2.647043438628315926e-03 9.138016612268984318e-04 5.941495299339294434e-02 9.184763766825199127e-03 1.493685599416494370e-02 5.541579425334930420e-02 2.798309922218322754e-02 1.481389859691262245e-03 2.647042740136384964e-03 9.138002060353755951e-04 3.226949600502848625e-03
2.800000000000000000e+04 5.132835940457880497e-04 8.945513400249183178e-04 1.139927888289093971e-03 6.517684087157249451e-04 3.077377332374453545e-03 1.153537887148559093e-03 2.189560793340206146e-03 8.900905377231538296e-04 6.464252620935440063e-02 8.980404585599899292e-03 9.736046195030212402e-03 3.442024439573287964e-02 2.336067520081996918e-02 1.153545919805765152e-03 2.189564518630504608e-03 8.900916436687111855e-04 3.200289094820618629e-03
2.900000000000000000e+04 5.247214576229453087e-04 8.519387338310480118e-04 8.516496163792908192e-04 4.210806509945541620e-04 2.652056980878114700e-03 9.068505605682730675e-04 1.850265427492558956e-03 8.096501114778220654e-04 6.940214335918426514e-02 9.233513846993446350e-03 8.646439760923385620e-03 4.276869446039199829e-02 2.074885182082653046e-02 9.068524814210832119e-04 1.850265078246593475e-03 8.096485980786383152e-04 3.231342183426022530e-03
3.000000000000000000e+04 5.525152664631605148e-04 8.147747721523046494e-04 9.674436296336352825e-04 4.079809586983174086e-04 2.492314437404274940e-03 7.533234311267733574e-04 1.638639019802212715e-03 8.391124429181218147e-04 7.560800760984420776e-02 9.384441189467906952e-03 9.321413002908229828e-03 3.412718698382377625e-02 2.101105265319347382e-02 7.533301250077784061e-04 1.638637506403028965e-03 8.391133160330355167e-04 3.331940853968262672e-03
3.100000000000000000e+04 1.300744712352752686e-03 1.686652074567973614e-03 7.327459752559661865e-03 4.761394578963518143e-03 8.042126893997192383e-03 5.334796151146292686e-04 1.704705995507538319e-03 7.729750941507518291e-04 7.369408011436462402e-02 1.107606291770935059e-02 2.267547324299812317e-02 2.248931117355823517e-02 2.105761878192424774e-02 5.334758898243308067e-04 1.704704598523676395e-03 7.729765493422746658e-04 3.102457383647561073e-03
3.200000000000000000e+04 6.289073498919606209e-04 9.133528801612555981e-04 9.468951262533664703e-03 2.850009826943278313e-03 2.802109578624367714e-03 7.001969497650861740e-04 1.333865802735090256e-03 8.094210061244666576e-04 7.230015844106674194e-02 8.717331103980541229e-03 1.396635733544826508e-02 2.410254999995231628e-02 1.969684474170207977e-02 7.002001511864364147e-04 1.333865802735090256e-03 8.094227523542940617e-04 3.230976872146129608e-03
3.300000000000000000e+04 7.543381652794778347e-04 6.843758746981620789e-04 1.356263365596532822e-02 9.288099245168268681e-04 2.222719835117459297e-03 6.549749523401260376e-04 1.111780758947134018e-03 7.463057991117238998e-04 7.582654803991317749e-02 8.498392067849636078e-03 1.574799232184886932e-02 3.016691841185092926e-02 1.880990713834762573e-02 6.549787358380854130e-04 1.111775636672973633e-03 7.463045185431838036e-04 3.303227014839649200e-03
3.400000000000000000e+04 5.177079583518207073e-04 6.620102794840931892e-04 8.218020084314048290e-04 3.608528932090848684e-04 2.247639233246445656e-03 4.771993553731590509e-04 1.142929075285792351e-03 7.534713367931544781e-04 5.630788579583168030e-02 8.014458231627941132e-03 6.575124803930521011e-03 3.658297657966613770e-02 1.992961019277572632e-02 4.772020038217306137e-04 1.142928726039826870e-03 7.534755859524011612e-04 3.035655943676829338e-03
3.500000000000000000e+04 4.926089313812553883e-04 5.872515612281858921e-04 7.797986036166548729e-04 3.916605492122471333e-04 2.223304472863674164e-03 4.348848888184875250e-04 1.056396169587969780e-03 6.850776262581348419e-04 5.992107838392257690e-02 7.827138528227806091e-03 6.085474975407123566e-03 3.484969958662986755e-02 1.712232083082199097e-02 4.348890506662428379e-04 1.056394656188786030e-03 6.850783247500658035e-04 3.056244459003210068e-03
3.600000000000000000e+04 7.620741380378603935e-04 5.808944697491824627e-04 2.195786871016025543e-02 3.950573503971099854e-03 1.928467652760446072e-03 5.590420332737267017e-04 9.196358150802552700e-04 6.565276416949927807e-04 8.193011581897735596e-02 7.691052276641130447e-03 2.268220670521259308e-02 2.810341678559780121e-02 1.657217182219028473e-02 5.590437212958931923e-04 9.196348255500197411e-04 6.565271178260445595e-04 3.381463466212153435e-03
3.700000000000000000e+04 1.000001910142600536e-03 8.087975438684225082e-04 9.269262105226516724e-02 2.563643641769886017e-02 2.590001095086336136e-03 2.573030942585319281e-04 6.924624321982264519e-04 5.972125800326466560e-04 7.377365231513977051e-02 7.320621982216835022e-03 1.087818220257759094e-01 4.818391427397727966e-02 1.437972951680421829e-02 2.573051024228334427e-04 6.924654007889330387e-04 5.972108920104801655e-04 3.324790624901652336e-03
3.800000000000000000e+04 3.100307425484061241e-03 1.913492335006594658e-03 2.282646019011735916e-03 4.103991668671369553e-03 6.459353957325220108e-03 5.190949887037277222e-04 2.017563907429575920e-03 7.496341131627559662e-04 2.844018861651420593e-02 1.071631349623203278e-02 2.372656017541885376e-02 4.805425181984901428e-02 2.937336266040802002e-02 5.190951633267104626e-04 2.017565537244081497e-03 7.496328325942158699e-04 3.080199705436825752e-03
3.900000000000000000e+04 5.193133256398141384e-04 4.809653037227690220e-04 7.824123604223132133e-04 4.595734062604606152e-04 2.023349283263087273e-03 5.003716214559972286e-04 1.142932567745447159e-03 6.444778991863131523e-04 4.290381073951721191e-02 5.931526422500610352e-03 6.383909843862056732e-03 3.854260593652725220e-02 1.738372445106506348e-02 5.003693513572216034e-04 1.142931869253516197e-03 6.444782484322786331e-04 2.704292070120573044e-03
4.000000000000000000e+04 3.918634611181914806e-04 5.041072145104408264e-04 6.632925360463559628e-04 3.331097832415252924e-04 1.795133342966437340e-03 4.355766577646136284e-04 9.293868788518011570e-04 6.427144398912787437e-04 5.232333391904830933e-02 6.396263372153043747e-03 5.559632088989019394e-03 3.407658636569976807e-02 1.595480926334857941e-02 4.355757555458694696e-04 9.293850162066519260e-04 6.427150219678878784e-04 2.878020983189344406e-03
4.100000000000000000e+04 4.763780452776700258e-04 5.469953175634145737e-04 9.363885968923568726e-03 2.433476969599723816e-03 1.694238162599503994e-03 3.239005454815924168e-04 8.092473144643008709e-04 7.032591965980827808e-04 5.637902766466140747e-02 6.747120525687932968e-03 1.924557983875274658e-02 2.683536894619464874e-02 1.701257191598415375e-02 3.238995559513568878e-04 8.092440548352897167e-04 7.032584398984909058e-04 2.953855553641915321e-03
4.200000000000000000e+04 3.615952155087143183e-04 4.303239111322909594e-04 1.522806356661021709e-03 6.054882542230188847e-04 1.409069867804646492e-03 3.813131188508123159e-04 7.216254598461091518e-04 6.320170941762626171e-04 6.273844093084335327e-02 6.478373426944017410e-03 6.340922322124242783e-03 2.090063504874706268e-02 1.526889298111200333e-02 3.813133516814559698e-04 7.216242374852299690e-04 6.320165120996534824e-04 3.046688856557011604e-03
4.300000000000000000e+04 4.214979126118123531e-04 4.632095806300640106e-04 1.030836487188935280e-03 1.580121228471398354e-03 1.539442804642021656e-03 3.289881860837340355e-04 7.225120789371430874e-04 6.238371133804321289e-04 5.650343000888824463e-02 6.590470671653747559e-03 8.183900266885757446e-03 1.653668843209743500e-02 1.451003644615411758e-02 3.289906890131533146e-04 7.225146982818841934e-04 6.238363566808402538e-04 2.906902460381388664e-03
4.400000000000000000e+04 4.185251018498092890e-04 4.058644117321819067e-04 2.612933516502380371e-02 8.220111951231956482e-03 1.320923096500337124e-03 2.383324899710714817e-04 5.552947404794394970e-04 5.794743192382156849e-04 5.580181628465652466e-02 6.023354362696409225e-03 3.730915486812591553e-02 2.447794377803802490e-02 1.334126852452754974e-02 2.383321116212755442e-04 5.552958464249968529e-04 5.794746102765202522e-04 2.944604493677616119e-03
4.500000000000000000e+04 1.006320933811366558e-03 1.007793471217155457e-03 4.690348356962203979e-02 1.654714532196521759e-02 1.442652312107384205e-03 2.473559870850294828e-04 4.858699394389986992e-04 6.049184012226760387e-04 5.145314708352088928e-02 6.427831947803497314e-03 5.788051709532737732e-02 2.906780317425727844e-02 1.382443215698003769e-02 2.473564236424863338e-04 4.858674365095794201e-04 6.049179937690496445e-04 2.870523603633046150e-03
4.600000000000000000e+04 6.955140852369368076e-04 7.028099498711526394e-04 2.028940944001078606e-03 1.563359051942825317e-03 3.356679342687129974e-03 6.972982082515954971e-04 1.548820640891790390e-03 7.326570921577513218e-04 3.700232505798339844e-02 5.264822393655776978e-03 1.446132361888885498e-02 2.277060225605964661e-02 2.411015518009662628e-02 6.972926785238087177e-04 1.548821455799043179e-03 7.326559280045330524e-04 2.810544101521372795e-03
4.700000000000000000e+04 3.236385236959904432e-04 4.508753772825002670e-04 9.727880242280662060e-04 4.859716282226145267e-04 2.051391871646046638e-03 6.385072483681142330e-04 1.063292496837675571e-03 6.332058110274374485e-04 4.720823839306831360e-02 5.492658820003271103e-03 1.060773618519306183e-02 2.343630045652389526e-02 1.861608214676380157e-02 6.385074811987578869e-04 1.063289237208664417e-03 6.332070915959775448e-04 2.675822470337152481e-03
4.800000000000000000e+04 3.130357654299587011e-04 3.957937587983906269e-04 6.433840026147663593e-04 3.228970454074442387e-04 1.744871726259589195e-03 5.194444674998521805e-04 8.738961769267916679e-04 5.718701286241412163e-04 5.445729941129684448e-02 5.518365185707807541e-03 6.494099274277687073e-03 2.211452648043632507e-02 1.585973985493183136e-02 5.194435943849384785e-04 8.738954202271997929e-04 5.718706524930894375e-04 2.765267388895153999e-03
4.900000000000000000e+04 5.845632986165583134e-04 5.605474580079317093e-04 5.605081468820571899e-02 1.694665849208831787e-02 2.000936539843678474e-03 2.610036754049360752e-04 7.146865245886147022e-04 6.075458950363099575e-04 5.525842308998107910e-02 6.456184200942516327e-03 7.384542375802993774e-02 3.437925502657890320e-02 1.521238964051008224e-02 2.610039664432406425e-04 7.146880961954593658e-04 6.075446726754307747e-04 2.847238443791866302e-03
5.000000000000000000e+04 3.198081103619188070e-04 3.204084059689193964e-04 5.486528389155864716e-04 2.153610403183847666e-04 1.313295331783592701e-03 3.548892273101955652e-04 6.608172552660107613e-04 5.694872234016656876e-04 5.345125496387481689e-02 5.381458438932895660e-03 4.650072194635868073e-03 2.015414461493492126e-02 1.410006079822778702e-02 3.548926033545285463e-04 6.608185940422117710e-04 5.694869323633611202e-04 2.787097590044140816e-03
5.100000000000000000e+04 8.274404681287705898e-04 5.442376132123172283e-04 8.607135713100433350e-02 3.822177276015281677e-02 1.585277379490435123e-03 5.282477359287440777e-04 7.819560705684125423e-04 5.842858226969838142e-04 5.208123475313186646e-02 5.659849382936954498e-03 8.057109266519546509e-02 5.047376826405525208e-02 1.494182366877794266e-02 5.282476195134222507e-04 7.819556631147861481e-04 5.842847749590873718e-04 2.810198115184903145e-03
5.200000000000000000e+04 1.442606444470584393e-03 9.373179054819047451e-04 1.121862307190895081e-01 2.338020317256450653e-02 1.750062336213886738e-03 2.007441798923537135e-04 4.752610111609101295e-04 5.113152437843382359e-04 4.269106313586235046e-02 5.571494810283184052e-03 1.258351802825927734e-01 4.322095587849617004e-02 1.200997177511453629e-02 2.007434377446770668e-04 4.752592940349131823e-04 5.113157676532864571e-04 2.786395605653524399e-03
5.300000000000000000e+04 8.144597522914409637e-04 8.804216631688177586e-04 8.432447910308837891e-03 3.089174628257751465e-03 3.793551353737711906e-03 2.332362346351146698e-04 7.902709767222404480e-04 6.823029834777116776e-04 3.901485353708267212e-02 4.266659263521432877e-03 1.695767603814601898e-02 2.093064598739147186e-02 2.078703604638576508e-02 2.332367148483172059e-04 7.902708603069186211e-04 6.823024596087634563e-04 2.630228409543633461e-03
5.400000000000000000e+04 6.455998518504202366e-04 4.236128588672727346e-04 5.647933855652809143e-02 1.902128010988235474e-02 1.347796875052154064e-03 4.183038836345076561e-04 5.745653179474174976e-04 5.411506863310933113e-04 4.568962752819061279e-02 4.892497323453426361e-03 5.585358291864395142e-02 3.006101585924625397e-02 1.357207261025905609e-02 4.183052806183695793e-04 5.745628150179982185e-04 5.411527235992252827e-04 2.731348155066370964e-03
5.500000000000000000e+04 4.682247235905379057e-04 3.263255057390779257e-04 3.142788633704185486e-02 1.014722045511007309e-02 1.067519653588533401e-03 3.509153611958026886e-04 5.080876871943473816e-04 5.222805193625390530e-04 4.008002951741218567e-02 4.765739664435386658e-03 3.396601974964141846e-02 2.090652473270893097e-02 1.260481402277946472e-02 3.509215021040290594e-04 5.080869887024164200e-04 5.222785985097289085e-04 2.590318443253636360e-03
5.600000000000000000e+04 2.078115212498232722e-04 2.243313210783526301e-04 2.321030013263225555e-03 3.593229921534657478e-04 9.475130354985594749e-04 2.248587843496352434e-04 4.223248397465795279e-04 5.124675226397812366e-04 3.490788489580154419e-02 4.213732667267322540e-03 9.315283037722110748e-03 1.349927019327878952e-02 1.192844472825527191e-02 2.248584496555849910e-04 4.223233845550566912e-04 5.124682793393731117e-04 2.489022444933652878e-03
5.700000000000000000e+04 3.242840466555207968e-04 4.217939858790487051e-04 1.579385064542293549e-02 2.820939291268587112e-03 1.123513095080852509e-03 1.947060954989865422e-04 3.789433685597032309e-04 4.921429790556430817e-04 2.880111709237098694e-02 4.538915585726499557e-03 2.637973241508007050e-02 1.431946363300085068e-02 1.118853874504566193e-02 1.947054552147164941e-04 3.789463080465793610e-04 4.921434447169303894e-04 2.325681503862142563e-03
5.800000000000000000e+04 1.007527578622102737e-03 9.400991839356720448e-04 2.548180520534515381e-03 1.570965861901640892e-03 2.557337749749422073e-03 5.993609665893018246e-04 1.032457570545375347e-03 5.663993069902062416e-04 6.977944821119308472e-02 6.124419160187244415e-03 1.339866872876882553e-02 3.358793631196022034e-02 1.864936389029026031e-02 5.993639351800084114e-04 1.032458618283271790e-03 5.663995398208498955e-04 3.386440454050898552e-03
5.900000000000000000e+04 3.466247289907187223e-04 3.312038898002356291e-04 1.272695139050483704e-03 3.937238361686468124e-04 1.404294045642018318e-03 5.814628093503415585e-04 8.626686176285147667e-04 5.541191785596311092e-04 9.078637510538101196e-02 4.261410329490900040e-03 9.143471717834472656e-03 3.052830137312412262e-02 1.565121486783027649e-02 5.814607138745486736e-04 8.626723429188132286e-04 5.541185964830219746e-04 3.421173430979251862e-03
6.000000000000000000e+04 2.844884875230491161e-04 2.422653051326051354e-04 7.904917001724243164e-04 1.951315789483487606e-04 1.077074557542800903e-03 4.591977049130946398e-04 6.957174045965075493e-04 5.075604422017931938e-04 8.015032857656478882e-02 4.171407315880060196e-03 6.595651619136333466e-03 2.380886860191822052e-02 1.290694531053304672e-02 4.591987235471606255e-04 6.957145524211227894e-04 5.075618391856551170e-04 3.206216730177402496e-03
6.100000000000000000e+04 2.466902951709926128e-04 2.113833179464563727e-04 6.724008708260953426e-04 1.994525664485991001e-04 1.015702728182077408e-03 3.554008726496249437e-04 5.711996345780789852e-04 5.078630056232213974e-04 6.760236620903015137e-02 3.994338680058717728e-03 5.252437666058540344e-03 1.499458309262990952e-02 1.220973767340183258e-02 3.553997667040675879e-04 5.711988196708261967e-04 5.078628892078995705e-04 3.033332992345094681e-03
6.200000000000000000e+04 2.084516308968886733e-04 1.872251887107267976e-04 6.038738065399229527e-04 1.979708467843011022e-04 9.105446515604853630e-04 2.834982587955892086e-04 4.963527317158877850e-04 5.051291664130985737e-04 4.751601815223693848e-02 3.805060870945453644e-03 5.531106609851121902e-03 1.371638104319572449e-02 1.167612802237272263e-02 2.834986080415546894e-04 4.963531973771750927e-04 5.051291664130985737e-04 2.704045036807656288e-03
6.300000000000000000e+04 1.890690909931436181e-04 1.678332628216594458e-04 5.421151290647685528e-04 2.066465822281315923e-04 8.667591027915477753e-04 2.480616676621139050e-04 4.429779364727437496e-04 4.788843798451125622e-04 3.803668543696403503e-02 3.656940301880240440e-03 5.963624455034732819e-03 1.287328731268644333e-02 1.092238165438175201e-02 2.480626280885189772e-04 4.429767432156950235e-04 4.788836813531816006e-04 2.530616475269198418e-03
6.400000000000000000e+04 1.800517347874119878e-04 1.550991291878744960e-04 6.609208649024367332e-04 2.071357157547026873e-04 8.508093305863440037e-04 2.393223403487354517e-04 4.067726549692451954e-04 4.749251820612698793e-04 3.315286710858345032e-02 3.564889542758464813e-03 6.285778712481260300e-03 1.240091864019632339e-02 1.096577104181051254e-02 2.393257309449836612e-04 4.067696572747081518e-04 4.749247746076434851e-04 2.427865518257021904e-03
6.500000000000000000e+04 1.644404983380809426e-04 1.614258799236267805e-04 2.067537279799580574e-03 9.439963032491505146e-04 8.086825255304574966e-04 2.060889819404110312e-04 3.701709501910954714e-04 4.603085399139672518e-04 2.855652011930942535e-02 3.613594686612486839e-03 1.003264077007770538e-02 1.123234070837497711e-02 1.063578482717275620e-02 2.060876577161252499e-04 3.701696405187249184e-04 4.603067063726484776e-04 2.329543698579072952e-03
6.600000000000000000e+04 2.002391702262684703e-04 1.992301840800791979e-04 2.618824131786823273e-03 6.367738242261111736e-04 8.823065436445176601e-04 1.929936697706580162e-04 3.492925607133656740e-04 4.464692610781639814e-04 2.413651347160339355e-02 3.495961660519242287e-03 1.027608197182416916e-02 1.175447925925254822e-02 1.013236958533525467e-02 1.929917198140174150e-04 3.492920077405869961e-04 4.464687663130462170e-04 2.197373192757368088e-03
6.700000000000000000e+04 2.263216738356277347e-04 1.727743074297904968e-04 2.749229595065116882e-02 1.124665699899196625e-02 7.475510356016457081e-04 2.675874275155365467e-04 4.205700533930212259e-04 4.346597706899046898e-04 2.271496132016181946e-02 3.559320000931620598e-03 3.219461068511009216e-02 2.072287537157535553e-02 9.936354123055934906e-03 2.675892901606857777e-04 4.205702280160039663e-04 4.346587811596691608e-04 2.132485387846827507e-03
6.800000000000000000e+04 8.950332412496209145e-04 1.051531406119465828e-03 2.057059900835156441e-03 1.435242826119065285e-03 3.714502323418855667e-03 7.604094571433961391e-04 9.616737952455878258e-04 5.190112278796732426e-04 8.039471507072448730e-02 1.095038093626499176e-02 9.851829148828983307e-03 2.751729078590869904e-02 1.814639382064342499e-02 7.604114362038671970e-04 9.616758907213807106e-04 5.190116353332996368e-04 3.456973005086183548e-03
6.900000000000000000e+04 3.955357533413916826e-04 2.842591784428805113e-04 6.873780512250959873e-04 2.721924392972141504e-04 1.392987323924899101e-03 6.557758897542953491e-04 8.388720452785491943e-04 4.636709345504641533e-04 8.764389157295227051e-02 5.076469853520393372e-03 5.118176341056823730e-03 2.682101354002952576e-02 1.195511873811483383e-02 6.557742017321288586e-04 8.388770511373877525e-04 4.636697412934154272e-04 3.214318305253982544e-03
7.000000000000000000e+04 2.685171202756464481e-04 2.059782273136079311e-04 5.433424958027899265e-04 1.564348640386015177e-04 1.147498260252177715e-03 4.799790331162512302e-04 6.836485117673873901e-04 4.262766451574862003e-04 7.284126430749893188e-02 4.312770906835794449e-03 4.954528063535690308e-03 1.898151449859142303e-02 1.028528995811939240e-02 4.799818852916359901e-04 6.836475222371518612e-04 4.262771690264344215e-04 3.009506501257419586e-03
7.100000000000000000e+04 1.922214723890647292e-04 1.675699022598564625e-04 4.541334346868097782e-04 1.558741641929373145e-04 9.558678721077740192e-04 3.120125038549304008e-04 5.627388600260019302e-04 4.213772481307387352e-04 5.261602625250816345e-02 3.842207137495279312e-03 3.750243224203586578e-03 1.354638487100601196e-02 9.596215561032295227e-03 3.120115143246948719e-04 5.627398495562374592e-04 4.213775682728737593e-04 2.662094542756676674e-03
7.200000000000000000e+04 1.513024908490478992e-04 1.425396185368299484e-04 4.354222910478711128e-04 1.728435163386166096e-04 8.096149540506303310e-04 2.404350962024182081e-04 4.735446709673851728e-04 4.259427078068256378e-04 3.430979698896408081e-02 3.687415271997451782e-03 3.901936346665024757e-03 1.055999752134084702e-02 9.390424937009811401e-03 2.404367987764999270e-04 4.735466791316866875e-04 4.259423003531992435e-04 2.355508273467421532e-03
7.300000000000000000e+04 1.475983299314975739e-04 1.307062047999352217e-04 7.952546002343297005e-04 2.401985984761267900e-04 7.320390432141721249e-04 1.988381700357422233e-04 4.076059267390519381e-04 4.267926269676536322e-04 2.409814111888408661e-02 3.581368830054998398e-03 5.391755141317844391e-03 9.090170264244079590e-03 9.284361265599727631e-03 1.988379663089290261e-04 4.076045879628509283e-04 4.267925105523318052e-04 2.135543152689933777e-03
7.400000000000000000e+04 1.354260370135307312e-03 5.880774115212261677e-04 6.701306998729705811e-02 1.189592666923999786e-02 1.811360707506537437e-03 3.479182196315377951e-04 3.973809070885181427e-04 4.327266069594770670e-04 2.501497976481914520e-02 3.824485698714852333e-03 6.665540486574172974e-02 2.009669505059719086e-02 1.132982037961483002e-02 3.479156875982880592e-04 3.973830316681414843e-04 4.327273927628993988e-04 2.283844165503978729e-03
7.500000000000000000e+04 1.467829715693369508e-04 1.128266740124672651e-04 6.364169996231794357e-03 2.558641601353883743e-03 6.069936207495629787e-04 1.551761524751782417e-04 3.045115445274859667e-04 4.048596601933240891e-04 1.937526278197765350e-02 3.502091160044074059e-03 1.266737282276153564e-02 1.039199158549308777e-02 8.876181207597255707e-03 1.551787281641736627e-04 3.045124176423996687e-04 4.048576229251921177e-04 1.943858456797897816e-03
7.600000000000000000e+04 1.253862865269184113e-04 9.930882515618577600e-05 2.147933235391974449e-03 1.215554191730916500e-03 5.756687605753540993e-04 1.914323365781456232e-04 3.225277760066092014e-04 4.046017129439860582e-04 2.017224393784999847e-02 3.506512846797704697e-03 7.066908292472362518e-03 9.200307540595531464e-03 9.195206686854362488e-03 1.914318127091974020e-04 3.225295804440975189e-04 4.046012181788682938e-04 1.921891001984477043e-03
7.700000000000000000e+04 1.208564615808427334e-03 1.280927681364119053e-03 2.436427399516105652e-03 2.604200970381498337e-03 4.114964976906776428e-03 5.870846798643469810e-04 9.519170853309333324e-04 4.872743156738579273e-04 2.434769459068775177e-02 1.202625129371881485e-02 1.687034778296947479e-02 2.699656598269939423e-02 1.726011931896209717e-02 5.870866007171571255e-04 9.519186569377779961e-04 4.872749268542975187e-04 3.188599832355976105e-03
7.800000000000000000e+04 3.240561054553836584e-04 2.177486021537333727e-04 6.076905992813408375e-04 2.987771295011043549e-04 1.317652990110218525e-03 5.361199146136641502e-04 6.139037432149052620e-04 4.481610376387834549e-04 5.222355946898460388e-02 4.461119882762432098e-03 6.817801389843225479e-03 1.517211459577083588e-02 1.224807370454072952e-02 5.361222429201006889e-04 6.139079923741519451e-04 4.481610085349529982e-04 2.835451392456889153e-03
7.900000000000000000e+04 2.170768711948767304e-04 1.717685518087819219e-04 4.111965536139905453e-04 1.758106081979349256e-04 1.036560861393809319e-03 3.959395398851484060e-04 5.207266658544540405e-04 4.118902143090963364e-04 4.655573517084121704e-02 4.372315015643835068e-03 4.952054470777511597e-03 1.503226254135370255e-02 1.034644618630409241e-02 3.959404712077230215e-04 5.207263166084885597e-04 4.118896322324872017e-04 2.670885762199759483e-03
8.000000000000000000e+04 1.737306156428530812e-04 1.556353818159550428e-04 1.568510080687701702e-03 5.756549653597176075e-04 9.404995362274348736e-04 2.462003903929144144e-04 4.702460719272494316e-04 4.065912507940083742e-04 2.754399366676807404e-02 3.919783048331737518e-03 6.201117765158414841e-03 1.332398783415555954e-02 9.382780641317367554e-03 2.462012926116585732e-04 4.702454025391489267e-04 4.065910761710256338e-04 2.248709788545966148e-03
8.100000000000000000e+04 1.357365545118227601e-04 1.187796588055789471e-04 3.546894295141100883e-04 1.531129964860156178e-04 7.513054879382252693e-04 2.150253567378968000e-04 3.815500531345605850e-04 3.888315404765307903e-04 2.367897704243659973e-02 3.601983655244112015e-03 3.437476232647895813e-03 1.116269174963235855e-02 8.655433543026447296e-03 2.150247455574572086e-04 3.815486561506986618e-04 3.888309001922607422e-04 2.065356122329831123e-03
8.200000000000000000e+04 1.261999423149973154e-04 1.002098942990414798e-04 4.325876361690461636e-04 1.972412283066660166e-04 6.472381064668297768e-04 1.858841278590261936e-04 3.399272100068628788e-04 3.900612064171582460e-04 2.052871324121952057e-02 3.443863242864608765e-03 3.878619289025664330e-03 9.912715293467044830e-03 8.599079214036464691e-03 1.858839241322129965e-04 3.399274428375065327e-04 3.900602168869227171e-04 1.921675051562488079e-03
8.300000000000000000e+04 1.366378710372373462e-04 1.147333605331368744e-04 1.757810125127434731e-03 4.629303293768316507e-04 6.238025380298495293e-04 1.608122984180226922e-04 2.943875151686370373e-04 3.667244454845786095e-04 2.005984820425510406e-02 3.402214730158448219e-03 5.972248502075672150e-03 9.592323563992977142e-03 7.941052317619323730e-03 1.608122111065313220e-04 2.943873114418238401e-04 3.667252312880009413e-04 1.834121183492243290e-03
8.400000000000000000e+04 3.599267511162906885e-04 1.117844585678540170e-04 1.681525632739067078e-02 5.871387664228677750e-03 5.909844185225665569e-04 2.200297603849321604e-04 3.132274432573467493e-04 3.703842812683433294e-04 2.171919494867324829e-02 3.500679973512887955e-03 1.816140487790107727e-02 1.461018342524766922e-02 8.359986357390880585e-03 2.200305461883544922e-04 3.132291894871741533e-04 3.703851834870874882e-04 1.856739516369998455e-03
8.500000000000000000e+04 9.846987086348235607e-05 6.937106081750243902e-05 2.576036204118281603e-04 1.399803295498713851e-04 5.051463958807289600e-04 1.708376657916232944e-04 2.590119256637990475e-04 3.636192122939974070e-04 2.043932117521762848e-02 3.501550527289509773e-03 4.032141994684934616e-03 8.782594464719295502e-03 8.390379138290882111e-03 1.708399795461446047e-04 2.590124786365777254e-04 3.636185429058969021e-04 1.843460486270487309e-03
8.600000000000000000e+04 6.940743769519031048e-04 3.927018260583281517e-04 1.846622675657272339e-03 9.092718246392905712e-04 1.941706519573926926e-03 3.983767819590866566e-04 5.979489651508629322e-04 5.549413035623729229e-04 2.370337769389152527e-02 4.573152866214513779e-03 1.230507157742977142e-02 1.686766371130943298e-02 1.771321147680282593e-02 3.983746864832937717e-04 5.979491397738456726e-04 5.549410125240683556e-04 2.406036015599966049e-03
8.700000000000000000e+04 1.256204413948580623e-04 9.981713810702785850e-05 3.505646309349685907e-04 2.211171668022871017e-04 7.301795994862914085e-04 2.662502229213714600e-04 3.634915628936141729e-04 4.477072798181325197e-04 1.855750568211078644e-02 2.958850469440221786e-03 4.936527926474809647e-03 1.177629083395004272e-02 1.123809535056352615e-02 2.662478655111044645e-04 3.634905733633786440e-04 4.477062902878969908e-04 2.027165377512574196e-03
8.800000000000000000e+04 1.035034438245929778e-04 7.753173849778249860e-05 3.379667759872972965e-04 2.085622691083699465e-04 6.268404540605843067e-04 1.967204589163884521e-04 3.269105800427496433e-04 4.144635167904198170e-04 1.496306154876947403e-02 2.799043199047446251e-03 4.138852935284376144e-03 9.246787987649440765e-03 9.782345034182071686e-03 1.967209100257605314e-04 3.269107546657323837e-04 4.144629929214715958e-04 1.861753058619797230e-03
8.900000000000000000e+04 9.447834599995985627e-05 6.991432019276544452e-05 3.102861519437283278e-04 1.701533037703484297e-04 5.177722196094691753e-04 1.629416510695591569e-04 2.736789174377918243e-04 3.919879673048853874e-04 1.083891652524471283e-02 2.898117760196328163e-03 3.826003056019544601e-03 9.117312729358673096e-03 8.772009983658790588e-03 1.629411999601870775e-04 2.736775786615908146e-04 3.919872688129544258e-04 1.639286754652857780e-03
9.000000000000000000e+04 3.705381241161376238e-04 2.331268042325973511e-04 1.660289801657199860e-02 4.299971275031566620e-03 7.743924506939947605e-04 1.285540638491511345e-04 2.318175393156707287e-04 3.698747023008763790e-04 1.257296372205018997e-02 3.155010752379894257e-03 2.248273044824600220e-02 1.248225849121809006e-02 8.314601145684719086e-03 1.285557227674871683e-04 2.318184560863301158e-04 3.698739747051149607e-04 1.615016255527734756e-03
9.100000000000000000e+04 8.239009184762835503e-05 6.027834388078190386e-05 2.407109568594023585e-04 1.332171814283356071e-04 4.605525755323469639e-04 1.648496690904721618e-04 2.371196751482784748e-04 3.812523791566491127e-04 1.494660321623086929e-02 3.262051381170749664e-03 3.738204482942819595e-03 8.258989080786705017e-03 8.895050734281539917e-03 1.648500037845224142e-04 2.371202572248876095e-04 3.812520590145140886e-04 1.644018688239157200e-03
9.200000000000000000e+04 9.873657836578786373e-05 6.468434003181755543e-05 1.306242682039737701e-02 5.443152040243148804e-03 4.938878118991851807e-04 1.922176015796139836e-04 2.765672979876399040e-04 3.728600859176367521e-04 1.695886254310607910e-02 3.502077423036098480e-03 1.426941994577646255e-02 1.315249316394329071e-02 8.605092763900756836e-03 1.922164228744804859e-04 2.765681419987231493e-04 3.728599112946540117e-04 1.580044277943670750e-03
9.300000000000000000e+04 1.193631032947450876e-04 1.689444470684975386e-04 4.766974889207631350e-04 3.298993106000125408e-04 5.998244159854948521e-04 1.473802694818004966e-04 2.386812993790954351e-04 3.893146640621125698e-04 1.882743462920188904e-02 3.846353851258754730e-03 4.359842278063297272e-03 7.629442494362592697e-03 9.979547001421451569e-03 1.473809679737314582e-04 2.386786509305238724e-04 3.893141984008252621e-04 1.677888794802129269e-03
