0.5000000000000000 0.0000000000000000
0.5517241379310345 0.0000000000000000
0.6034482758620690 0.0000000000000000
0.6551724137931034 0.0000000000000000
0.7068965517241379 0.0000000000000000
0.7586206896551724 0.0000000000000000
0.8103448275862069 0.0000000000000000
0.8620689655172413 0.0000000000000000
0.9137931034482758 0.0000000000000000
0.9655172413793103 0.0000000000000000
1.0172413793103448 0.0000000000000000
1.0689655172413794 0.0000000000000000
1.1206896551724137 0.0000000000000000
1.1724137931034484 0.0000000000000000
1.2241379310344827 0.0000000000000000
1.2758620689655173 0.0000000000000000
1.3275862068965516 0.0000000000000000
1.3793103448275863 0.0000000000000000
1.4310344827586206 0.0000000000000000
1.4827586206896552 0.0000000000000000
1.5344827586206897 0.0000000000000000
1.5862068965517242 0.0000000000000000
1.6379310344827587 0.0000000000000000
1.6896551724137931 0.0000000000000000
1.7413793103448276 0.0000000000000000
1.7931034482758621 0.0000000000000000
1.8448275862068966 0.0000000000000000
1.8965517241379310 0.0000000000000000
1.9482758620689655 0.0000000000000000
2.0000000000000000 0.0000000000000000
0.4968561049466213 0.0559822380516539
0.5428634146022567 0.0560281579531797
0.5915229670262444 0.0563820188283590
0.6416757902117205 0.0569263530173216
0.6926917858002427 0.0575767827752284
0.7442237678187998 0.0582775900849436
0.7960736777870326 0.0589933496754100
0.8481241470161548 0.0597020793298132
0.9003031313917568 0.0603905081643393
0.9525650508523335 0.0610509853973385
1.0048803483326945 0.0616794925490497
1.0572294895455792 0.0622743640116087
1.1095993918191958 0.0628354572399111
1.1619812300118999 0.0633636095018460
1.2143690498439650 0.0638602792518700
1.2667588694920973 0.0643273080422194
1.3191480848325154 0.0647667622077015
1.3715350683503960 0.0651808280302133
1.4239188944148571 0.0655717431825435
1.4762991487233881 0.0659417530501471
1.5286757948764886 0.0662930842871203
1.5810490804114725 0.0666279304336989
1.6334194705449199 0.0669484460735650
1.6857876016876692 0.0672567471272566
1.7381542493020758 0.0675549156477948
1.7905203063431379 0.0678450080220891
1.8428867696607005 0.0681290658653051
1.8952547325207192 0.0684091291749884
1.9476253819503335 0.0686872515240169
2.0000000000000000 0.0689655172413793
0.4874639560909118 0.1112604669781572
0.5314996428328702 0.1115089082191907
0.5784725095521861 0.1122774514225049
0.6275385285468648 0.1133942789482307
0.6780112307988501 0.1147189841704343
0.7294073756248479 0.1161486087667938
0.7814060898374876 0.1176127427742802
0.8337983249561712 0.1190655202496524
0.8864479186890066 0.1204783358746014
0.9392654700481347 0.1218343040964226
0.9921916571885803 0.1231243536438026
1.0451867247896756 0.1243445672996572
1.0982238351388947 0.1254943956172236
1.1512848139779750 0.1265754632708596
1.2043573876640770 0.1275907722360649
1.2574333602326924 0.1285441701943101
1.3105073919636256 0.1294399968236536
1.3635761692996258 0.1302828501155362
1.4166378336618728 0.1310774342470497
1.4696915843457137 0.1318284632782297
1.5227374003159277 0.1325406033522660
1.5757758444553178 0.1332184416724408
1.6288079258485904 0.1338664742870729
1.6818350035340721 0.1344891072670376
1.7348587203532604 0.1350906676140529
1.7878809590254898 0.1356754214620406
1.8409038149571872 0.1362475980011496
1.8939295819445747 0.1368114181851483
1.9469607480813167 0.1373711277550837
2.0000000000000000 0.1379310344827586
0.4719416651541838 0.1651395309775835
0.5161216353435050 0.1659324864759202
0.5628821569594645 0.1673506717057368
0.6117416937070246 0.1692010838748891
0.6621735310501370 0.1713158169458602
0.7137248766302329 0.1735631801804362
0.7660499624738067 0.1758479828046497
0.8189003826648592 0.1781057009981831
0.8721029744264582 0.1802950802169453
0.9255386084313891 0.1823915035206115
0.9791256917187982 0.1843818278641354
1.0328083839604938 0.1862606347077582
1.0865484883233643 0.1880276060838622
1.1403199501418277 0.1896857247036788
1.1941051334642290 0.1912400535828422
1.2478922910598553 0.1926969154070643
1.3016738333909421 0.1940633453603811
1.3554451346748044 0.1953467306137296
1.4092037028666080 0.1965545773654035
1.4629485986940334 0.1976943653004784
1.5166800270363265 0.1987734622194952
1.5703990489801827 0.1997990803137936
1.6241073794362475 0.2007782614978516
1.6778072462319467 0.2017178832626077
1.7315012940349876 0.2026246793115604
1.7851925215267570 0.2035052711915892
1.8388842437420971 0.2043662085154756
1.8925800739302110 0.2052140163761526
1.9462839210191407 0.2060552493060656
2.0000000000000000 0.2068965517241379
0.4504844339512096 0.2169418695587791
0.4963028406758442 0.2188021142690433
0.5440872130579439 0.2212568671688231
0.5936540602519860 0.2241246635758709
0.6446766863004928 0.2272377969952751
0.6968087674994768 0.2304579626312319
0.7497478632641809 0.2336811300549337
0.8032550815534771 0.2368348932805472
0.8571520674271013 0.2398724826121656
0.9113098874898359 0.2427663268704918
0.9656370651488069 0.2455025087636727
1.0200694563143398 0.2480764717948800
1.0745624941683996 0.2504898860168206
1.1290855269516673 0.2527484383692130
1.1836177795435827 0.2548603094967538
1.2381455028245483 0.2568351411727917
1.2926599678613164 0.2586833471472094
1.3471560536988592 0.2604156617592775
1.4016312508642745 0.2620428522768737
1.4560849565782608 0.2635755437538831
1.5105179757397953 0.2650241212351898
1.5649321681680259 0.2663986852637056
1.6193302007772727 0.2677090443177843
1.6737153758940133 0.2689647331092620
1.7280915155797434 0.2701750493479755
1.7824628878507245 0.2713491041556748
1.8368341649102151 0.2724958831416589
1.8912104065122011 0.2736243164860618
1.9455970637319815 0.2747433573796118
2.0000000000000000 0.2758620689655172
0.4233620996141421 0.2660160382576683
0.4720493836120241 0.2696671605211136
0.5218957850829024 0.2736916391537892
0.5730047879363427 0.2779718849540897
0.6252555854959857 0.2823756224873168
0.6784383672142460 0.2867847196884724
0.7323324940906337 0.2911067065330453
0.7867436727648738 0.2952763569494493
0.8415157697833553 0.2992522306036576
0.8965298653814536 0.3030115266770471
0.9516983993792336 0.3065450649239483
1.0069583981558419 0.3098531209732686
1.0622654270677259 0.3129422519504938
1.1175887348873714 0.3158229976100231
1.1729075575840919 0.3185082716589616
1.2282083838724982 0.3210122654790814
1.2834829633635800 0.3233497194300269
1.3387268676424022 0.3255354525090923
1.3939384555336194 0.3275840713514676
1.4491181313986261 0.3295098027728039
1.5042678154730258 0.3313264110452080
1.5593905680008175 0.3330471731974350
1.6144903255674175 0.3346848941385261
1.6695717200138094 0.3362519493481441
1.7246399588986905 0.3377603470396591
1.7797007526140540 0.3392218046312683
1.8347602776839758 0.3406478364575030
1.8898251689849253 0.3420498511871576
1.9449025359992163 0.3434392585858433
2.0000000000000000 0.3448275862068966
0.3909157412340149 0.3117449009293667
0.4435982615615754 0.3181510463771473
0.4964091813471679 0.3244273617504936
0.5497966861900939 0.3306162022416931
0.6038632953159501 0.3366736208041662
0.6585531844590141 0.3425372668467289
0.7137497662236848 0.3481521160325869
0.7693265454971805 0.3534792451473272
0.8251702830170990 0.3584965820855531
0.8811887868683759 0.3631963098185091
0.9373111729768311 0.3675813782113552
0.9934850713696332 0.3716622464237829
1.0496730434131978 0.3754542475744104
1.1058492050889315 0.3789756187996595
1.1619964010345132 0.3822461038371162
1.2181039770153994 0.3852860021683128
1.2741660825077450 0.3881155481186696
1.3301804035455527 0.3907545258327160
1.3861472295577475 0.3932220492434749
1.4420687733672217 0.3955364557163941
1.4979486807855991 0.3977152771455052
1.5537916815735933 0.3997752634206433
1.6096033459258259 0.4017324411947936
1.6653899202160312 0.4036021965761336
1.7211582229522016 0.4053993743959036
1.7769155872861839 0.4071383895709244
1.8326698404389015 0.4088333481451484
1.8884293134312800 0.4104981771323316
1.9442028768238402 0.4121467634765271
2.0000000000000000 0.4137931034482759
0.3535533905932738 0.3535533905932737
0.4113497950318618 0.3639844878137175
0.4679325868363733 0.3733490719175208
0.5242380079775985 0.3820313007039490
0.5806344143216193 0.3901589321572899
0.6372402897497793 0.3977751999153471
0.6940596496285867 0.4048959451250139
0.7510498608794224 0.4115321499263238
0.8081555323286618 0.4176980714185902
0.8653241360989566 0.4234131037128257
0.9225120181208154 0.4287011357920090
0.9796856846127636 0.4335891555003219
1.0368210155486948 0.4381058495402247
1.0939017562262574 0.4422804655784927
1.1509179208159397 0.4461419858764964
1.2078643687876292 0.4497185773700501
1.2647396336025989 0.4530372595281049
1.3215450021983053 0.4561237328859852
1.3782838130247363 0.4590023211639019
1.4349609329542243 0.4616959911554749
1.4915823758384263 0.4642264244625944
1.5481550313432553 0.4666141229800141
1.6046864790964630 0.4688785359261274
1.6611848689581508 0.4710382005236725
1.7176588530603398 0.4731108915549078
1.7741175591425218 0.4751137772714245
1.8305705978003552 0.4770635808051074
1.8870280987167094 0.4789767474964289
1.9435007729451248 0.4808696195930855
2.0000000000000000 0.4827586206896551
0.3117449009293668 0.3909157412340149
0.3758490385477173 0.4070511462666896
0.4369351762058479 0.4204967999405894
0.4967002636157903 0.4323256042759830
0.5558525742549407 0.4429684643581872
0.6147140842066813 0.4526443285324829
0.6734258156445854 0.4614829980553636
0.7320415523116411 0.4695738299807053
0.7905746369408984 0.4769869234927260
0.8490216873397293 0.4837825030431377
0.9073742811211356 0.4900149900264522
0.9656243304874472 0.4957346948277799
1.0237662226497275 0.5009884885471398
1.0817973780590868 0.5058200770038349
1.1397180962715165 0.5102701499980370
1.1975311321433320 0.5143765154296296
1.2552412163072526 0.5181742544608066
1.3128546146683258 0.5216959032603560
1.3703787617612426 0.5249716558642739
1.4278219743541929 0.5280295802273453
1.4851932394111671 0.5308958404084290
1.5425020663241027 0.5335949197231711
1.5997583929041130 0.5361498416393548
1.6569725358393252 0.5385823868660304
1.7141551780936350 0.5409133064225277
1.7713173875796040 0.5431625315263270
1.8284706631718466 0.5453493819753440
1.8856270057134197 0.5474927754142180
1.9427990131114818 0.5496114405330076
2.0000000000000000 0.5517241379310345
0.2660160382576683 0.4233620996141421
0.3377913997874534 0.4474538295150035
0.4040364270355595 0.4661191448297703
0.4676945409037053 0.4817800230078260
0.5299258785215597 0.4953742527986395
0.5912958229039047 0.5073933020717941
0.6521006100682613 0.5181349697662423
0.7125011587040179 0.5277998680792561
0.7725873723645390 0.5365350149017470
0.8324114081411730 0.5444554329123443
0.8920054568149761 0.5516555373693056
0.9513913335953081 0.5582154646165706
1.0105856240260782 0.5642047850334528
1.0696023989683532 0.5696848180990675
1.1284546058477780 0.5747101758087235
1.1871547493170471 0.5793298640597146
1.2457152003619494 0.5835881191873284
1.3041483197995745 0.5875250771609301
1.3624664967193525 0.5911773307648938
1.4206821550321107 0.5945784074583061
1.4788077553080063 0.5977591883066248
1.5368558050708025 0.6007482815689748
1.5948388834090510 0.6035723606906533
1.6527696821462547 0.6062564742365384
1.7106610642467523 0.6088243340150601
1.7685261396660610 0.6112985868948727
1.8263783590121352 0.6137010754266544
1.8842316258809284 0.6160530922416985
1.9421004294697257 0.6183756332783089
2.0000000000000000 0.6206896551724138
0.2169418695587791 0.4504844339512096
0.2980457423592731 0.4856125922552019
0.3700075927812059 0.5107421381135372
0.4378585252839458 0.5308887458863208
0.5033676739389339 0.5478054247029893
0.5673938460998502 0.5623843375691213
0.6304077079172198 0.5751548881174898
0.6926858808260810 0.5864637541993902
0.7543995117426514 0.5965552408901905
0.8156595251708871 0.6056116965206089
0.8765413387223693 0.6137755289057446
0.9370989243098968 0.6211619479269049
0.9973730202079045 0.6278667300752826
1.0573960160441123 0.6339711781976418
1.1171949023911472 0.6395454350919413
1.1767930781985787 0.6446507944164409
1.2362114778785778 0.6493413787768482
1.2954692907882128 0.6536654043791064
1.3545844358320807 0.6576661664047125
1.4135738890732297 0.6613828297325768
1.4724539236738157 0.6648510801259969
1.5312402984489561 0.6681036730271438
1.5899484175025345 0.6711709058904018
1.6485934751746614 0.6740810328616124
1.7071905956461315 0.6768606359949900
1.7657549737498310 0.6795349641929164
1.8243020220286446 0.6821282490962952
1.8828475284299369 0.6846640059335395
1.9414078289569046 0.6871653266521641
2.0000000000000000 0.6896551724137931
0.1651395309775836 0.4719416651541838
0.2576985036252598 0.5224156225617581
0.3357840191457436 0.5552571795441286
0.4079475866779186 0.5803988063715223
0.4767777520334399 0.6008611313133349
0.5434822386552662 0.6180935098552416
0.6087221128883680 0.6329222440902640
0.6728935253388291 0.6458704690460897
0.7362490370962613 0.6572951396577666
0.7989577142249463 0.6674542445814180
0.8611376807702976 0.6765429431700983
0.9228748467492732 0.6847143598982427
0.9842341482075971 0.6920922189993530
1.0452665090343052 0.6987788839954264
1.1060132634107964 0.7048606868969028
1.1665090284414175 0.7104115947432555
1.2267836108259920 0.7154958202987981
1.2868633014985833 0.7201697409681818
1.3467717773372099 0.7244833513302477
1.4065307479282656 0.7284813929416727
1.4661604356361839 0.7322042555420309
1.5256799462602042 0.7356887130356706
1.5851075680923694 0.7389685381106799
1.6444610248380200 0.7420750267146239
1.7037577000301345 0.7450374552963338
1.7630148456118024 0.7478834881839439
1.8222497843148007 0.7506395487754821
1.8814801136817336 0.7533311657731889
1.9407239187198020 0.7559833041488269
2.0000000000000000 0.7586206896551724
0.1112604669781572 0.4874639560909118
0.2181454467783422 0.5594790754641192
0.3024879963695845 0.6010300850971685
0.3788215504915960 0.6313348538760732
0.4508167151453402 0.6553022636456398
0.5200736892967216 0.6750928891952529
0.5874457473233995 0.6918746191608515
0.6534420766458495 0.7063605243239484
0.7183896853387708 0.7190238942923496
0.7825101327494035 0.7301988714498812
0.8459600995759472 0.7401328995547108
0.9088545383248663 0.7490163105118699
0.9712806289065451 0.7570000699960910
1.0333065428558443 0.7642069632846279
1.0949871260773318 0.7707389479462229
1.1563676823094404 0.7766821667184612
1.2174865517334594 0.7821104785905524
1.2783769078722975 0.7870880211542660
1.3390680381497528 0.7916711216633507
1.3995862784826241 0.7959097592107547
1.4599557134582033 0.7998487106487145
1.5201987164712030 0.8035284694069572
1.5803363802726780 0.8069859986313298
1.6403888728323122 0.8102553620228127
1.7003757432027691 0.8133682638023948
1.7603161953879185 0.8163545212132812
1.8202293438581709 0.8192424875469329
1.8801344616248179 0.8220594400234355
1.9400512301925554 0.8248319444293410
2.0000000000000000 0.8275862068965517
0.0559822380516540 0.4968561049466213
0.1813318984587789 0.5996994127888727
0.2714540471448073 0.6500108839395774
0.3514079544890379 0.6849706200131498
0.4261617587016007 0.7119992404272429
0.4976811421243021 0.7340041564754956
0.5669767563702593 0.7524718404669433
0.6346457254408504 0.7682833565513880
0.7010723814534250 0.7820127605804378
0.7665190789990559 0.7940597765806133
0.8311730030211710 0.8047169262345163
0.8951725735496143 0.8142067524742148
0.9586233390334908 0.8227039228371448
1.0216080147816118 0.8303490768172874
1.0841930627486196 0.8372578882866404
1.1464331345423919 0.8435272194010505
1.2083741479173753 0.8492394360137723
1.2700554654678236 0.8544655220378303
1.3315114707990583 0.8592673866735948
1.3927727334708531 0.8636996156990908
1.4538668895869358 0.8678108315226830
1.5148193238892385 0.8716447727284169
1.5756537125798018 0.8752411693423325
1.6363924684870832 0.8786364675021112
1.6970571184565131 0.8818644422246689
1.7576686349537138 0.8849567268435391
1.8182477386076032 0.8879432807929963
1.8788151849554275 0.8908528126908185
1.9393920464998162 0.8937131724646250
2.0000000000000000 0.8965517241379310
0.0000000000000000 0.5000000000000000
0.1505022087783173 0.6487646360197512
0.2441618417213843 0.7046594569995007
0.3265924279026745 0.7426498250648432
0.4034280465160937 0.7718044193501874
0.4767646983445208 0.7954164384566668
0.5476727761473486 0.8151427517263523
0.6167885775003136 0.8319619092769783
0.6845258850120375 0.8465108302509095
0.7511704579888981 0.8592325639433219
0.8169285256526686 0.8704507838744364
0.8819541604112119 0.8804111059286163
0.9463658292954342 0.8893056728762744
1.0102569302182101 0.8972885987815072
1.0737027705969859 0.9044861052849001
1.1367653381423939 0.9110034213135416
1.1994966489495298 0.9169296293408177
1.2619411512735577 0.9223411649429991
1.3241374876550376 0.9273044079304791
1.3861198129230170 0.9318776456576758
1.4479188003414858 0.9361125932154477
1.5095624264655854 0.9400555951440979
1.5710765979525008 0.9437485947012256
1.6324856653639521 0.9472299313762323
1.6938128566653461 0.9505350103798985
1.7550806547359650 0.9536968763193601
1.8163111374651448 0.9567467153421841
1.8775262951493175 0.9597143045492174
1.9387483373691416 0.9626284236691788
2.0000000000000000 0.9655172413793103
0.0000000000000000 0.6000000000000000
0.1286909867060498 0.7127473399664318
0.2215837362854900 0.7667538603781328
0.3049713140178676 0.8053269743861242
0.3830566698634868 0.8353483439941184
0.4576713385689553 0.8597816656867829
0.5298139870945087 0.8802251082492061
0.6000998780425901 0.8976552720365468
0.6689391636335674 0.9127204908133084
0.7366207543670341 0.9258774773033691
0.8033566635118062 0.9374626772601572
0.8693075513643299 0.9477327856300632
0.9345984250652113 0.9568892762332779
0.9993287832252210 0.9650940255109685
1.0635794344920468 0.9724796835393821
1.1274172282674697 0.9791568005890576
1.1908984242669278 0.9852188719848723
1.2540711473561958 0.9907460040556386
1.3169772126093042 0.9958076416183392
1.3796535083409975 1.0004646416970748
1.4421330642233929 1.0047708825358055
1.5044458925405653 1.0087745364820127
1.5666196648668209 1.0125190961162545
1.6286802690703450 1.0160442170227388
1.6906522796638377 1.0193864230701535
1.7525593662918462 1.0225797080472305
1.8144246594453881 1.0256560591523221
1.8762710885435769 1.0286459219764117
1.9381217048557307 1.0315786224897290
2.0000000000000000 1.0344827586206897
0.0000000000000000 0.7000000000000000
0.1124652036935258 0.7857078031445280
0.2034080845880016 0.8357875052860082
0.2866644319379309 0.8731792916447122
0.3652404477936926 0.9028904152328761
0.4405951840386810 0.9273388412031295
0.5135780499064009 0.9479211186812638
0.5847366673371495 0.9655303635264616
0.6544486962905973 0.9807784528903218
0.7229874053145519 0.9941062433674841
0.7905578119225172 1.0058439026224806
0.8573181795101171 1.0162464284198698
0.9233935795216017 1.0255157760815909
0.9888848547975582 1.0338152832430330
1.0538747685780780 1.0412794315920764
1.1184323530765479 1.0480206648770747
1.1826160637272647 1.0541342825239270
1.2464761174380903 1.0597020376066124
1.3100562598512546 1.0647948402471137
1.3733951253640939 1.0694748298168772
1.4365273023320320 1.0737969933076095
1.4994841824818639 1.0778104520409368
1.5622946512382399 1.0815595025881557
1.6249856604546560 1.0850844734165017
1.6875827144701976 1.0884224421250097
1.7501102930106160 1.0916078465798060
1.8125922292059167 1.0946730151221713
1.8750520573035059 1.0976486352374668
1.9375133420570605 1.1005641759086937
2.0000000000000000 1.1034482758620690
0.0000000000000000 0.8000000000000000
0.1008640604904781 0.8660594859390661
0.1891347239102569 0.9109508604238631
0.2715000237467277 0.9459193406093195
0.3499577318173084 0.9743650513816234
0.4255801532647411 0.9981108515850496
0.4990357163069092 1.0182860946785226
0.5707780835050252 1.0356510004444530
0.6411329831014417 1.0507468142728900
0.7103439148357998 1.0639751071417114
0.7785985534102333 1.0756435074371333
0.8460450862339707 1.0859938218383187
0.9128028751904436 1.0952202046043336
0.9789697152407417 1.1034813728706627
1.0446269485631390 1.1109090935177992
1.1098431709117298 1.1176142464007863
1.1746769820136098 1.1236912622086410
1.2391790684715203 1.1292214411198356
1.3033938098960622 1.1342754831553186
1.3673605382259899 1.1389154523213985
1.4311145411712958 1.1431963270929555
1.4946878748752346 1.1471672441831506
1.5581100333788376 1.1508725119861616
1.6214085103135920 1.1543524491855981
1.6846092796919996 1.1576440895048661
1.7477372165345630 1.1607817833228922
1.8108164736662553 1.1637977195498881
1.8738708278099918 1.1667223858403699
1.9369240057929729 1.1695849813215726
2.0000000000000000 1.1724137931034482
0.0000000000000000 0.9000000000000000
0.0927291573551082 0.9519213057541667
0.1780955120057956 0.9911723882342118
0.2591229969138122 1.0229758144803034
0.3370306077971502 1.0494727874273253
0.4125473618821187 1.0719439723929518
0.4861632686233746 1.0912447078151353
0.5582306358838302 1.1079840383672761
0.6290143225964081 1.1226148321501128
0.6987199139058287 1.1354847697449282
0.7675108991557034 1.1468675281235550
0.8355198129816050 1.1569829502117128
0.9028558146627934 1.1660106588195707
0.9696100442225655 1.1740995629591364
1.0358595260045709 1.1813746842280846
1.1016700869097547 1.1879421764941560
1.1670985850310192 1.1938930940396602
1.2321946430770434 1.1993062726438877
1.2970020186197255 1.2042505694848833
1.3615597034978248 1.2087866316722744
1.4259028185944944 1.2129683131003079
1.4900633525749529 1.2168438255328153
1.5540707809357588 1.2204566865931146
1.6179525930768091 1.2238465110746106
1.6817347488631766 1.2270496804203535
1.7454420815948959 1.2300999168839053
1.8090986609215796 1.2330287827821611
1.8727281267257161 1.2358661207329571
1.9363540030888458 1.2386404473617894
2.0000000000000000 1.2413793103448276
0.0000000000000000 1.0000000000000000
0.0869923737372871 1.0415756318580438
0.1695900179178160 1.0753397293936553
0.2490937116098133 1.1036529970915359
0.3261878945742930 1.1277788276360534
0.4013327648449020 1.1485644827432353
0.4748645372239539 1.1666228051789258
0.5470409919296623 1.1824172423737471
0.6180661758619759 1.1963090355996702
0.6881053198471289 1.2085861658410737
0.7572945429403456 1.2194823238127295
0.8257475221457518 1.2291899396222830
0.8935602744608719 1.2378694522610063
0.9608147018919488 1.2456560880673391
1.0275812909109689 1.2526649300362576
1.0939212135192866 1.2589947813423030
1.1598879925302139 1.2647311587117931
1.2255288419468404 1.2699486459044356
1.2908857604934645 1.2747127690671112
1.3559964348110218 1.2790815098951764
1.4208949942799360 1.2831065411493709
1.4856126493065147 1.2868342471202909
1.5501782377134175 1.2903065760154850
1.6146186986147804 1.2935617599478932
1.6789594892667139 1.2966349299317377
1.7432249574275311 1.2995586471400598
1.8074386795065203 1.3023633670536023
1.8716237730043457 1.3050778495914064
1.9358031903416473 1.3077295255635204
2.0000000000000000 1.3103448275862069
0.0000000000000000 1.1000000000000001
0.0828511474668581 1.1337412409845624
0.1629968562870593 1.1624743428077040
0.2409689085994521 1.1872574015389921
0.3171215439190787 1.2087997823615813
0.3917250087772788 1.2276354645400542
0.4649957978243923 1.2441838034172605
0.5371122067337570 1.2587824676415937
0.6082237045781432 1.2717080430850667
0.6784571595348098 1.2831900244546921
0.7479212605513093 1.2934208272950021
0.8167098133506213 1.3025632115838757
0.8849042872630970 1.3107559280957188
0.9525758374099880 1.3181180963451802
1.0197869441176446 1.3247526512333443
1.0865927637162263 1.3307490911819626
1.1530422559055200 1.3361856936080032
1.2191791345709966 1.3411313188032037
1.2850426769146059 1.3456468922810776
1.3506684176305879 1.3497866336362734
1.4160887491380463 1.3535990839761585
1.4813334447664768 1.3571279721940153
1.5464301187068759 1.3604129515163381
1.6114046341977373 1.3634902310649670
1.6762814695578054 1.3663931220356300
1.7410840501993101 1.3691525141149887
1.8058350535226251 1.3717972946259325
1.8705566925619594 1.3743547203972286
1.9352709833335673 1.3768507503172640
2.0000000000000000 1.3793103448275863
0.0000000000000000 1.2000000000000002
0.0797692648250083 1.2275677885479328
0.1578204300700435 1.2518014909524926
0.2343511431404687 1.2731728711037766
0.3095276773608976 1.2920654677212446
0.3834966084887522 1.3088029795907190
0.4563884710351794 1.3236616751511905
0.5283198863207725 1.3368787287585113
0.5993951425386537 1.3486585677233955
0.6697075167716660 1.3591779745159502
0.7393404427014785 1.3685902929844203
0.8083685658788980 1.3770289387519257
0.8768587055310118 1.3846103476433760
0.9448707329412996 1.3914364613939776
1.0124583729572560 1.3975968288960168
1.0796699338978026 1.4031703867202265
1.1465489707820420 1.4082269716488194
1.2131348867819687 1.4128286091394751
1.2794634779053609 1.4170306143871521
1.3455674259864143 1.4208825365963655
1.4114767450928245 1.4244289720183485
1.4772191863912183 1.4277102670635047
1.5428206063875913 1.4307631292556300
1.6083053032449228 1.4336211608208418
1.6736963256231330 1.4363153272191849
1.7390157581621433 1.4388743708294358
1.8042849873741611 1.4413251782253709
1.8695249512982379 1.4436931079543793
1.9347563758165363 1.4460022843957130
2.0000000000000000 1.4482758620689655
0.0000000000000000 1.3000000000000000
0.0774036627672927 1.3225148229040971
0.1536878620041579 1.3427422263747619
0.2289080040812473 1.3608882530185586
0.3031300822154539 1.3771533245663818
0.3764253930863539 1.3917272434719345
0.4488667390506733 1.4047862190682039
0.5205259355599301 1.4164916482590353
0.5914722244774201 1.4269899971503752
0.6617713122259805 1.4364133380498210
0.7314848403926956 1.4448802526479283
0.8006701557470992 1.4524969161113881
0.8693802862979947 1.4593582450966984
0.9376640570526639 1.4655490376729858
1.0055662979487887 1.4711450627634644
1.0731281098044663 1.4762140761176665
1.1403871637890362 1.4808167523558404
1.2073780170189781 1.4850075305489381
1.2741324321306318 1.4888353756166421
1.3406796926086724 1.4923444605962459
1.4070469085599513 1.4955747762464591
1.4732593097948858 1.4985626749987506
1.5393405246517644 1.5013413562618978
1.6053128441377946 1.5039412997531012
1.6711974717285920 1.5063906529968751
1.7370147596692178 1.5087155785025244
1.8027844328797740 1.5109405654423984
1.8685258016497857 1.5130887099444061
1.9342579642074749 1.5151819673833038
2.0000000000000000 1.5172413793103448
0.0000000000000000 1.3999999999999999
0.0755338431791333 1.4182373462072955
0.1503252888454215 1.4348742727215198
0.2243718946300198 1.4499954246427593
0.2976895630750442 1.4637013335711353
0.3703065991934457 1.4760997089389127
0.4422593192093279 1.4872996303247270
0.5135888241888386 1.4974077794540834
0.5843386456193059 1.5065260920920438
0.6545530488412745 1.5147503968560745
0.7242758348058435 1.5221697345088208
0.7935495195548421 1.5288661393890577
0.8624147993292649 1.5349147272969563
0.9309102304841916 1.5403839792720979
0.9990720695381993 1.5453361434064663
1.0669342310861998 1.5498277005530123
1.1345283309556833 1.5539098569568417
1.2018837895342498 1.5576290391767125
1.2690279761577823 1.5610273754710489
1.3359863801410155 1.5641431540235540
1.4027827977480471 1.5670112526940483
1.4694395273024543 1.5696635379049755
1.5359775669083331 1.5721292322102833
1.6024168109825800 1.5744352513088444
1.6687762431087896 1.5766065119758301
1.7350741236614777 1.5786662127273585
1.8013281712999283 1.5806360891198759
1.8675557378146930 1.5825366454771315
1.9337739759777584 1.5843873645883788
2.0000000000000000 1.5862068965517242
0.0000000000000000 1.5000000000000000
0.0740139837136182 1.5145089367947115
0.1475319075770148 1.5278904775718312
0.2205309297779146 1.5401742538529377
0.2930043619494064 1.5514076865352118
0.3649578304936463 1.5616496283464436
0.4364060733005147 1.5709655255761807
0.5073703228418727 1.5794238234470090
0.5778762071575121 1.5870933649601100
0.6479520958373001 1.5940415683729574
0.7176278208625315 1.6003332043806293
0.7869337083761890 1.6060296273397914
0.8558998649680691 1.6111883441079697
0.9245556697657218 1.6158628289134527
0.9929294309184588 1.6201025132642231
1.0610481717185918 1.6239528966603249
1.1289375175079135 1.6274557372771863
1.1966216596935493 1.6306492923629032
1.2641233776547396 1.6335685863124079
1.3314641031427314 1.6362456906944807
1.3986640149899796 1.6387100052798054
1.4657421546391514 1.6409885326813491
1.5327165552064275 1.6431061418246247
1.5996043785874714 1.6450858173395195
1.6664220565227370 1.6469488932666949
1.7331854326300551 1.6487152703422769
1.7999099032040553 1.6504036166572229
1.8666105551263041 1.6520315517662023
1.9333022995349032 1.6536158143933470
2.0000000000000000 1.6551724137931034
0.0000000000000000 1.6000000000000001
0.0727439438864322 1.6111755931142617
0.1451586331586333 1.6215651555267701
0.2172175487075691 1.6311745801332533
0.2889060735651817 1.6400240049653043
0.3602194340446948 1.6481440187671961
0.4311607461625149 1.6555724281634607
0.5017392511121070 1.6623516056965797
0.5719687769592611 1.6685263833153683
0.6418664348214547 1.6741424295191889
0.7114515406227921 1.6792450387985340
0.7807447440192399 1.6838782621119757
0.8497673415329723 1.6880843124528888
0.9185407494635129 1.6919031873292771
0.9870861125672319 1.6953724585590415
1.0554240260095706 1.6985271881990898
1.1235743502113829 1.7013999371678457
1.1915561005834860 1.7040208399302494
1.2593873965850226 1.7064177244256213
1.3270854568935628 1.7086162612452738
1.3946666296763919 1.7106401299975744
1.4621464489290885 1.7125111939288626
1.5295397095945318 1.7142496763218864
1.5968605556606095 1.7158743340700489
1.6641225766798728 1.7174026252341272
1.7313389091483360 1.7188508684075570
1.7985223399542538 1.7202343924272858
1.8656854096590345 1.7215676754228504
1.9328405137292664 1.7228644724496180
2.0000000000000000 1.7241379310344827
0.0000000000000000 1.7000000000000002
0.0716520983197738 1.7081286329914360
0.1430923411983908 1.7157295211633705
0.2142979180460028 1.7227997888804012
0.2852539197587459 1.7293464036750656
0.3559523655452594 1.7353841435261610
0.4263911485226771 1.7409336925898939
0.4965729873524602 1.7460199489554218
0.5665044400913871 1.7506705806278002
0.6361950131731671 1.7549148349676518
0.7056563817652981 1.7587825879167660
0.7749017262709705 1.7623036089422797
0.8439451821706432 1.7655070129762438
0.9128013956793743 1.7684208696904273
0.9814851750026947 1.7710719417780840
1.0500112257133838 1.7734855265232812
1.1183939584827349 1.7756853781429391
1.1866473577763810 1.7776936917541737
1.2547849009122332 1.7795311330671417
1.3228195179200404 1.7812169008791838
1.3907635837918790 1.7827688120616394
1.4586289358934930 1.7842034009658034
1.5264269104326662 1.7855360270280070
1.5941683929222676 1.7867809858583399
1.6618638784858653 1.7879516202829315
1.7295235386299559 1.7890604287216183
1.7971572917265208 1.7901191689553151
1.8647748749232040 1.7911389558112099
1.9323859155166030 1.7921303515968088
2.0000000000000000 1.7931034482758621
0.0000000000000000 1.8000000000000000
0.0706849905957461 1.8052885111640535
0.1412446982175189 1.8102544721340010
0.2116631222995249 1.8148933810231449
0.2819289050184750 1.8192066356815781
0.3520349322807545 1.8232005608204143
0.4219778363570181 1.8268854236100365
0.4917574542343068 1.8302745009358794
0.5613762820059015 1.8333832370839476
0.6308389535042376 1.8362285118647164
0.7001517614733241 1.8388280256815690
0.7693222318676936 1.8411997989325022
0.8383587561040211 1.8433617774344677
0.9072702819309950 1.8453315323897779
0.9760660607042545 1.8471260420461362
1.0447554469629021 1.8487615420569561
1.1133477450823330 1.8502534321960218
1.1818520972275901 1.8516162281927351
1.2502774067141815 1.8528635488034673
1.3186322910652950 1.8540081296527449
1.3869250594476568 1.8550618567607375
1.4551637096796008 1.8560358139471562
1.5233559405803860 1.8569403394322455
1.5915091760072668 1.8577850879216982
1.6596305974785919 1.8585790952658088
1.7277271827700031 1.8593308434275706
1.7958057482876284 1.8600483239957306
1.8638729933477327 1.8607390988494847
1.9319355447286086 1.8614103568403175
2.0000000000000000 1.8620689655172413
0.0000000000000000 1.9000000000000001
0.0698008771440263 1.9025948407811941
0.1395442966305440 1.9050386361090306
0.2092221765771406 1.9073285136694460
0.2788285055548528 1.9094642502823027
0.3483592176366067 1.9114479087817258
0.4178120134380404 1.9132834501421097
0.4871861489598664 1.9149763482037212
0.5564822102240131 1.9165332265595139
0.6257018876252536 1.9179615301459698
0.6948477601616730 1.9192692383816397
0.7639230964922405 1.9204646223820385
0.8329316771389981 1.9215560456981275
0.9018776400713737 1.9225518059632571
0.9707653503086319 1.9234600135700097
1.0395992929882887 1.9242885028429997
1.1083839885029134 1.9250447709614831
1.1771239277531671 1.9257359399864715
1.2458235252430683 1.9263687376520360
1.3144870876124981 1.9269494930087028
1.3831187952115804 1.9274841434920547
1.4517226944372326 1.9279782504873215
1.5203026987321511 1.9284370209359973
1.5888625963653007 1.9288653329641343
1.6574060633399343 1.9292677638899702
1.7259366799952707 1.9296486192872415
1.7944579500618563 1.9300119620378615
1.8629733210924753 1.9303616405078132
1.9314862053107358 1.9307013151272265
2.0000000000000000 1.9310344827586206
0.0000000000000000 2.0000000000000000
0.0689655172413793 2.0000000000000000
0.1379310344827586 2.0000000000000000
0.2068965517241379 2.0000000000000000
0.2758620689655172 2.0000000000000000
0.3448275862068966 2.0000000000000000
0.4137931034482759 2.0000000000000000
0.4827586206896551 2.0000000000000000
0.5517241379310345 2.0000000000000000
0.6206896551724138 2.0000000000000000
0.6896551724137931 2.0000000000000000
0.7586206896551724 2.0000000000000000
0.8275862068965517 2.0000000000000000
0.8965517241379310 2.0000000000000000
0.9655172413793103 2.0000000000000000
1.0344827586206897 2.0000000000000000
1.1034482758620690 2.0000000000000000
1.1724137931034482 2.0000000000000000
1.2413793103448276 2.0000000000000000
1.3103448275862069 2.0000000000000000
1.3793103448275863 2.0000000000000000
1.4482758620689655 2.0000000000000000
1.5172413793103448 2.0000000000000000
1.5862068965517242 2.0000000000000000
1.6551724137931034 2.0000000000000000
1.7241379310344827 2.0000000000000000
1.7931034482758621 2.0000000000000000
1.8620689655172413 2.0000000000000000
1.9310344827586206 2.0000000000000000
2.0000000000000000 2.0000000000000000
