# step, loss_train, loss_test, metrics_test
0.000000000000000000e+00 3.253887593746185303e-01 3.236295282840728760e-01 4.504916992187500000e+03 1.329560428857803345e-01 2.183987051248550415e-01 8.928832054138183594e+00 1.689166188240051270e+00 1.401193067431449890e-02 3.437268435955047607e-01 3.363265097141265869e-01 4.507646484375000000e+03 1.301018148660659790e-01 2.473493367433547974e-01 8.928832054138183594e+00 1.689166188240051270e+00 1.401193067431449890e-02 6.860635429620742798e-02
1.000000000000000000e+03 4.223480224609375000e-01 3.359349668025970459e-01 4.119008779525756836e-01 1.698569804430007935e-01 7.637324333190917969e-01 5.335279464721679688e+00 4.322075098752975464e-02 6.124677509069442749e-02 7.549626231193542480e-01 5.648490786552429199e-01 2.414278030395507812e+00 2.921706140041351318e-01 1.390606999397277832e+00 5.335279464721679688e+00 4.322075098752975464e-02 6.124677509069442749e-02 2.389891818165779114e-02
2.000000000000000000e+03 1.448493152856826782e-01 1.385257095098495483e-01 1.628395467996597290e-01 4.620423167943954468e-02 3.592929840087890625e-01 2.644434452056884766e+00 1.252638828009366989e-02 3.924788162112236023e-02 3.715488314628601074e-01 2.914521694183349609e-01 1.635038375854492188e+00 6.525878608226776123e-02 8.078398704528808594e-01 2.644434452056884766e+00 1.252638828009366989e-02 3.924788162112236023e-02 1.466235145926475525e-02
3.000000000000000000e+03 8.288972824811935425e-02 5.493658781051635742e-02 9.809791296720504761e-02 2.464634366333484650e-02 1.482474356889724731e-01 1.348208785057067871e+00 6.018294021487236023e-03 1.116878911852836609e-02 2.453017532825469971e-01 1.267731040716171265e-01 1.992510437965393066e+00 1.112353280186653137e-01 3.341273963451385498e-01 1.348208785057067871e+00 6.018294021487236023e-03 1.116878911852836609e-02 1.000136323273181915e-02
4.000000000000000000e+03 5.861143767833709717e-02 2.733992226421833038e-02 6.950112432241439819e-02 1.721240952610969543e-02 9.542986005544662476e-02 7.290178537368774414e-01 6.260317284613847733e-03 7.617938332259654999e-03 1.802698224782943726e-01 6.338520348072052002e-02 3.378442525863647461e+00 3.529999852180480957e-01 2.363590747117996216e-01 7.290178537368774414e-01 6.260317284613847733e-03 7.617938332259654999e-03 7.756518665701150894e-03
5.000000000000000000e+03 3.945316374301910400e-02 1.982439681887626648e-02 4.515806958079338074e-02 1.326420065015554428e-02 7.703313976526260376e-02 4.346505403518676758e-01 8.264172822237014771e-03 6.480260286480188370e-03 1.277468502521514893e-01 4.638783261179924011e-02 3.112831115722656250e+00 3.457452952861785889e-01 2.035710811614990234e-01 4.346505403518676758e-01 8.264172822237014771e-03 6.480260286480188370e-03 6.688009016215801239e-03
6.000000000000000000e+03 2.192493341863155365e-02 1.535889040678739548e-02 3.171985968947410583e-02 1.071168854832649231e-02 5.782569572329521179e-02 2.683281898498535156e-01 9.953980334103107452e-03 5.339390598237514496e-03 8.061296492815017700e-02 3.690654784440994263e-02 2.244846820831298828e+00 2.553786039352416992e-01 1.626855731010437012e-01 2.683281898498535156e-01 9.953980334103107452e-03 5.339390598237514496e-03 5.603266879916191101e-03
7.000000000000000000e+03 1.292041037231683731e-02 1.215727347880601883e-02 2.108906768262386322e-02 8.648375980556011200e-03 4.136786982417106628e-02 1.684367954730987549e-01 1.129298284649848938e-02 4.625296685844659805e-03 5.561847984790802002e-02 2.997883595526218414e-02 1.516905188560485840e+00 1.745090931653976440e-01 1.283404827117919922e-01 1.684367954730987549e-01 1.129298284649848938e-02 4.625296685844659805e-03 4.744363017380237579e-03
8.000000000000000000e+03 1.215585228055715561e-02 1.033348776400089264e-02 3.161672651767730713e-01 2.733816206455230713e-01 4.174386337399482727e-02 1.172537654638290405e-01 1.593568362295627594e-02 4.353444091975688934e-03 4.549362510442733765e-02 2.407700754702091217e-02 1.120563745498657227e+00 3.371391892433166504e-01 1.253735274076461792e-01 1.172537654638290405e-01 1.593568362295627594e-02 4.353444091975688934e-03 4.462673328816890717e-03
9.000000000000000000e+03 1.538127940148115158e-02 4.710143432021141052e-02 1.219007968902587891e-01 6.120627280324697495e-03 7.242736965417861938e-02 7.756271958351135254e-02 1.338373031467199326e-02 5.228066816926002502e-03 4.723441973328590393e-02 5.984822660684585571e-02 6.725860834121704102e-01 7.021930813789367676e-02 1.608996838331222534e-01 7.756271958351135254e-02 1.338373031467199326e-02 5.228066816926002502e-03 6.009829230606555939e-03
1.000000000000000000e+04 5.097006913274526596e-03 3.713105805218219757e-03 6.922132335603237152e-03 3.841837169602513313e-03 1.862875185906887054e-02 4.723628237843513489e-02 1.165668014436960220e-02 3.754015779122710228e-03 2.941051311790943146e-02 1.661890558898448944e-02 4.553584456443786621e-01 5.441678315401077271e-02 8.161955326795578003e-02 4.723628237843513489e-02 1.165668014436960220e-02 3.754015779122710228e-03 3.265380859375000000e-03
1.100000000000000000e+04 4.344945307821035385e-03 3.492234041914343834e-03 6.320997141301631927e-03 3.289763815701007843e-03 1.435860805213451385e-02 3.150315210223197937e-02 1.080467086285352707e-02 3.067291574552655220e-03 2.758075110614299774e-02 1.669525913894176483e-02 3.335723876953125000e-01 4.267567768692970276e-02 6.587667018175125122e-02 3.150315210223197937e-02 1.080467086285352707e-02 3.067291574552655220e-03 3.149924799799919128e-03
1.200000000000000000e+04 3.710287623107433319e-03 3.014436922967433929e-03 5.136746447533369064e-03 2.815613057464361191e-03 1.113768294453620911e-02 2.167949639260768890e-02 9.600119665265083313e-03 2.356776269152760506e-03 2.561949379742145538e-02 1.518661901354789734e-02 2.318543344736099243e-01 3.389456123113632202e-02 5.152087286114692688e-02 2.167949639260768890e-02 9.600119665265083313e-03 2.356776269152760506e-03 3.003164194524288177e-03
1.300000000000000000e+04 3.434048732742667198e-03 3.935183398425579071e-03 4.787409212440252304e-03 3.073385916650295258e-03 1.034670323133468628e-02 1.510296855121850967e-02 8.331482298672199249e-03 2.141420729458332062e-03 2.368315681815147400e-02 1.352508552372455597e-02 1.656080335378646851e-01 3.423950821161270142e-02 4.817837476730346680e-02 1.510296855121850967e-02 8.331482298672199249e-03 2.141420729458332062e-03 2.996515715494751930e-03
1.400000000000000000e+04 2.974486211314797401e-03 2.478497801348567009e-03 6.599428597837686539e-03 3.530317218974232674e-03 7.542177103459835052e-03 1.088494528084993362e-02 7.406074553728103638e-03 1.552214613184332848e-03 2.334886416792869568e-02 1.209594216197729111e-02 1.238222047686576843e-01 2.876879833638668060e-02 3.554707020521163940e-02 1.088494528084993362e-02 7.406074553728103638e-03 1.552214613184332848e-03 2.872672863304615021e-03
1.500000000000000000e+04 3.516852855682373047e-03 6.934811361134052277e-03 1.748976670205593109e-02 1.170013844966888428e-02 9.704916737973690033e-03 7.796133402734994888e-03 7.068329956382513046e-03 1.580125070177018642e-03 2.500188164412975311e-02 1.654374040663242340e-02 1.014016196131706238e-01 2.737230062484741211e-02 3.909974917769432068e-02 7.796133402734994888e-03 7.068329956382513046e-03 1.580125070177018642e-03 3.392271464690566063e-03
1.600000000000000000e+04 2.344450214877724648e-03 1.734346617013216019e-03 7.601744960993528366e-03 2.783542266115546227e-03 5.614798981696367264e-03 5.175555124878883362e-03 5.386611446738243103e-03 1.102370908483862877e-03 2.144433185458183289e-02 1.031517889350652695e-02 8.910723775625228882e-02 2.808894030749797821e-02 2.709300816059112549e-02 5.175555124878883362e-03 5.386611446738243103e-03 1.102370908483862877e-03 2.785669174045324326e-03
1.700000000000000000e+04 2.231782302260398865e-03 1.519404118880629539e-03 2.602468710392713547e-03 2.129526110365986824e-03 6.059014238417148590e-03 3.970743156969547272e-03 4.787643905729055405e-03 1.245675492100417614e-03 2.073110826313495636e-02 9.225913323462009430e-03 5.719568207859992981e-02 2.614501304924488068e-02 2.856395766139030457e-02 3.970743156969547272e-03 4.787643905729055405e-03 1.245675492100417614e-03 2.708891173824667931e-03
1.800000000000000000e+04 1.945544383488595486e-03 1.391652505844831467e-03 2.467756904661655426e-02 6.663573905825614929e-03 4.393275361508131027e-03 2.634445205330848694e-03 3.850392298772931099e-03 8.066727896220982075e-04 1.897022128105163574e-02 9.102666750550270081e-03 8.484634011983871460e-02 3.145092725753784180e-02 2.114872261881828308e-02 2.634445205330848694e-03 3.850392298772931099e-03 8.066727896220982075e-04 2.640134189277887344e-03
1.900000000000000000e+04 4.808347672224044800e-03 8.449564687907695770e-03 1.166526041924953461e-02 1.424101833254098892e-02 3.766136616468429565e-02 6.608946714550256729e-03 7.006825879216194153e-03 2.443382050842046738e-03 2.150827087461948395e-02 2.219380252063274384e-02 8.762177824974060059e-02 8.279310166835784912e-02 9.316395968198776245e-02 6.608946714550256729e-03 7.006825879216194153e-03 2.443382050842046738e-03 4.139583092182874680e-03
2.000000000000000000e+04 2.525430638343095779e-03 1.275695627555251122e-03 3.491648938506841660e-03 3.139159409329295158e-03 1.208867412060499191e-02 5.568638443946838379e-03 6.172837223857641220e-03 1.952457940205931664e-03 1.860797218978404999e-02 6.949880626052618027e-03 4.705310612916946411e-02 3.235800191760063171e-02 5.045026168227195740e-02 5.568638443946838379e-03 6.172837223857641220e-03 1.952457940205931664e-03 2.840173430740833282e-03
2.100000000000000000e+04 2.103093778714537621e-03 1.154996105469763279e-03 2.238066634163260460e-03 1.972149359062314034e-03 7.567187305539846420e-03 4.437325522303581238e-03 5.791860166937112808e-03 1.455299439840018749e-03 1.778297126293182373e-02 7.375940680503845215e-03 6.146579608321189880e-02 2.362281084060668945e-02 3.598274290561676025e-02 4.437325522303581238e-03 5.791860166937112808e-03 1.455299439840018749e-03 2.605937886983156204e-03
2.200000000000000000e+04 1.835245755501091480e-03 1.089326920919120312e-03 2.223931718617677689e-03 1.537095522508025169e-03 4.755517933517694473e-03 3.341947216540575027e-03 4.913342185318470001e-03 1.014109235256910324e-03 1.732152141630649567e-02 7.323461584746837616e-03 5.651512742042541504e-02 2.191635034978389740e-02 2.571694925427436829e-02 3.341947216540575027e-03 4.913342185318470001e-03 1.014109235256910324e-03 2.497187349945306778e-03
2.300000000000000000e+04 1.639472553506493568e-03 1.072808983735740185e-03 4.738107323646545410e-03 1.776418997906148434e-03 4.432810004800558090e-03 2.259188331663608551e-03 4.008029121905565262e-03 9.517889702692627907e-04 1.718045026063919067e-02 7.455644197762012482e-03 6.154761835932731628e-02 2.665992639958858490e-02 2.385915443301200867e-02 2.259188331663608551e-03 4.008029121905565262e-03 9.517889702692627907e-04 2.527767093852162361e-03
2.400000000000000000e+04 1.609985367394983768e-03 1.078339759260416031e-03 1.288038864731788635e-02 3.704368136823177338e-03 4.075336270034313202e-03 2.062760060653090477e-03 3.331639803946018219e-03 7.947949343360960484e-04 1.763354428112506866e-02 7.451351732015609741e-03 4.423364624381065369e-02 2.759259939193725586e-02 2.122158743441104889e-02 2.062760060653090477e-03 3.331639803946018219e-03 7.947949343360960484e-04 2.536043990403413773e-03
2.500000000000000000e+04 1.339437207207083702e-03 1.043501077219843864e-03 1.694043516181409359e-03 1.085954834707081318e-03 3.269401611760258675e-03 1.521614380180835724e-03 2.657231874763965607e-03 5.142310983501374722e-04 1.711560785770416260e-02 7.877578958868980408e-03 3.296248614788055420e-02 2.430891431868076324e-02 1.616952568292617798e-02 1.521614380180835724e-03 2.657231874763965607e-03 5.142310983501374722e-04 2.415698720142245293e-03
2.600000000000000000e+04 1.233452814631164074e-03 1.066016498953104019e-03 2.969824243336915970e-03 2.211538609117269516e-03 3.256760537624359131e-03 1.136692008003592491e-03 2.163878176361322403e-03 5.417072097770869732e-04 1.705830544233322144e-02 8.729360997676849365e-03 3.566979616880416870e-02 2.836344577372074127e-02 1.666837185621261597e-02 1.136692008003592491e-03 2.163878176361322403e-03 5.417072097770869732e-04 2.434489084407687187e-03
2.700000000000000000e+04 1.133807119913399220e-03 9.826330933719873428e-04 2.198995556682348251e-03 9.610219858586788177e-04 2.753390930593013763e-03 1.026955083943903446e-03 1.860930002294480801e-03 4.747074563056230545e-04 1.680401526391506195e-02 8.689109236001968384e-03 2.360442280769348145e-02 2.401302382349967957e-02 1.460706256330013275e-02 1.026955083943903446e-03 1.860930002294480801e-03 4.747074563056230545e-04 2.295796759426593781e-03
2.800000000000000000e+04 1.056681852787733078e-03 8.843164541758596897e-04 1.196586759760975838e-03 7.185731665231287479e-04 2.577621955424547195e-03 8.652214310131967068e-04 1.631627441383898258e-03 4.473268636502325535e-04 1.658407598733901978e-02 8.385421708226203918e-03 2.315325662493705750e-02 2.287393808364868164e-02 1.424401998519897461e-02 8.652214310131967068e-04 1.631627441383898258e-03 4.473268636502325535e-04 2.253032289445400238e-03
2.900000000000000000e+04 1.606120727956295013e-03 9.718303335830569267e-04 4.532579332590103149e-02 9.102151729166507721e-03 2.675160067155957222e-03 1.062423456460237503e-03 1.469975220970809460e-03 4.553879552986472845e-04 1.734802126884460449e-02 8.762530982494354248e-03 5.134835094213485718e-02 2.887514047324657440e-02 1.479173824191093445e-02 1.062423456460237503e-03 1.469975220970809460e-03 4.553879552986472845e-04 2.361462218686938286e-03
3.000000000000000000e+04 1.063226140104234219e-03 7.779900333844125271e-04 1.022951211780309677e-02 2.343501662835478783e-03 2.521070186048746109e-03 7.097883499227464199e-04 1.271530869416892529e-03 5.293256253935396671e-04 1.664053462445735931e-02 8.758730255067348480e-03 2.290799468755722046e-02 2.581611275672912598e-02 1.431829202920198441e-02 7.097883499227464199e-04 1.271530869416892529e-03 5.293256253935396671e-04 2.147803083062171936e-03
3.100000000000000000e+04 8.508811006322503090e-04 6.930894451215863228e-04 1.375754014588892460e-03 6.146648665890097618e-04 2.323789754882454872e-03 5.161056760698556900e-04 1.103066955693066120e-03 4.711403162218630314e-04 1.674951799213886261e-02 8.959345519542694092e-03 1.907269097864627838e-02 2.184547297656536102e-02 1.382128894329071045e-02 5.161056760698556900e-04 1.103066955693066120e-03 4.711403162218630314e-04 2.180489012971520424e-03
3.200000000000000000e+04 1.022894401103258133e-02 2.508949674665927887e-02 7.676535844802856445e-01 1.003437161445617676e+00 3.280139714479446411e-02 2.221962204203009605e-04 4.325238987803459167e-04 7.546274573542177677e-04 1.984400674700737000e-02 3.414031863212585449e-02 9.151731133460998535e-01 1.138761997222900391e+00 4.611651971936225891e-02 2.221962204203009605e-04 4.325238987803459167e-04 7.546274573542177677e-04 3.513511270284652710e-03
3.300000000000000000e+04 7.992149912752211094e-04 6.824648007750511169e-04 3.632812062278389931e-03 1.312662614509463310e-03 2.107375767081975937e-03 3.893149551004171371e-04 9.459009743295609951e-04 4.590374883264303207e-04 1.647293381392955780e-02 8.973324671387672424e-03 2.424095943570137024e-02 2.619411796331405640e-02 1.351626869291067123e-02 3.893149551004171371e-04 9.459009743295609951e-04 4.590374883264303207e-04 2.062853425741195679e-03
3.400000000000000000e+04 1.011399552226066589e-03 7.083125528879463673e-04 2.887894585728645325e-02 6.401053629815578461e-03 2.069409238174557686e-03 2.467025187797844410e-04 8.018015651032328606e-04 3.892435343004763126e-04 1.635458134114742279e-02 9.269063360989093781e-03 5.254216119647026062e-02 2.895499765872955322e-02 1.267868280410766602e-02 2.467025187797844410e-04 8.018015651032328606e-04 3.892435343004763126e-04 2.029888797551393509e-03
3.500000000000000000e+04 8.702632621861994267e-04 7.262954022735357285e-04 2.875958196818828583e-02 6.686547771096229553e-03 2.193500986322760582e-03 1.944564137374982238e-04 7.600985700264573097e-04 4.382353799883276224e-04 1.694838888943195343e-02 9.474163874983787537e-03 5.189764127135276794e-02 2.920515090227127075e-02 1.396870706230401993e-02 1.944564137374982238e-04 7.600985700264573097e-04 4.382353799883276224e-04 2.088914392516016960e-03
3.600000000000000000e+04 8.358743507415056229e-04 6.451730150729417801e-04 2.000926062464714050e-02 6.879374850541353226e-03 1.952310791239142418e-03 4.436854505911469460e-04 7.693687803111970425e-04 4.154292400926351547e-04 1.786434650421142578e-02 8.733806200325489044e-03 2.329033799469470978e-02 2.174916677176952362e-02 1.342717278748750687e-02 4.436854505911469460e-04 7.693687803111970425e-04 4.154292400926351547e-04 2.134636975824832916e-03
3.700000000000000000e+04 7.650317274965345860e-04 7.106377743184566498e-04 1.282957033254206181e-03 8.031976176425814629e-04 2.534734550863504410e-03 5.705135990865528584e-04 1.434509875252842903e-03 5.288633401505649090e-04 1.785571873188018799e-02 7.438416127115488052e-03 1.747506670653820038e-02 2.169004455208778381e-02 1.679459586739540100e-02 5.705135990865528584e-04 1.434509875252842903e-03 5.288633401505649090e-04 2.360336016863584518e-03
3.800000000000000000e+04 4.108097404241561890e-03 1.299527240917086601e-03 3.284253180027008057e-01 8.223079144954681396e-02 2.583572175353765488e-03 1.096031264751218259e-04 8.135123644024133682e-04 4.032457945868372917e-04 1.852159015834331512e-02 8.030414581298828125e-03 3.789756298065185547e-01 1.065556332468986511e-01 1.385142188519239426e-02 1.096031264751218259e-04 8.135123644024133682e-04 4.032457945868372917e-04 2.453581430017948151e-03
3.900000000000000000e+04 5.945271113887429237e-04 5.557807744480669498e-04 5.828937282785773277e-04 3.463309258222579956e-04 1.811693073250353336e-03 3.897851565852761269e-04 8.365362882614135742e-04 3.526250657159835100e-04 2.006095647811889648e-02 8.318516425788402557e-03 1.099332887679338455e-02 1.944049261510372162e-02 1.296528708189725876e-02 3.897851565852761269e-04 8.365362882614135742e-04 3.526250657159835100e-04 2.138403709977865219e-03
4.000000000000000000e+04 5.953003419563174248e-04 5.359801580198109150e-04 1.361651811748743057e-03 4.416950978338718414e-04 1.779937068931758404e-03 3.637329209595918655e-04 7.370099192485213280e-04 3.671895829029381275e-04 2.245901525020599365e-02 8.613833226263523102e-03 9.936721995472908020e-03 1.819066144526004791e-02 1.314465887844562531e-02 3.637329209595918655e-04 7.370099192485213280e-04 3.671895829029381275e-04 2.202520146965980530e-03
4.100000000000000000e+04 6.835222011432051659e-04 5.398733192123472691e-04 1.569069176912307739e-02 5.377371329814195633e-03 1.933770021423697472e-03 3.896186244674026966e-04 7.052820292301476002e-04 3.908601647708564997e-04 2.353795431554317474e-02 8.085801266133785248e-03 1.856403797864913940e-02 1.972625032067298889e-02 1.278433576226234436e-02 3.896186244674026966e-04 7.052820292301476002e-04 3.908601647708564997e-04 2.203983254730701447e-03
4.200000000000000000e+04 6.417220574803650379e-04 4.913317388854920864e-04 8.196857757866382599e-03 2.217494416981935501e-03 1.584878773428499699e-03 3.486600180622190237e-04 6.288361037150025368e-04 3.682179085444658995e-04 2.668873779475688934e-02 8.145096711814403534e-03 1.338719017803668976e-02 1.753092929720878601e-02 1.246507838368415833e-02 3.486600180622190237e-04 6.288361037150025368e-04 3.682179085444658995e-04 2.256604610010981560e-03
4.300000000000000000e+04 6.429618224501609802e-04 5.619931034743785858e-04 2.111542224884033203e-02 1.062239985913038254e-02 1.608411897905170918e-03 3.299239033367484808e-04 6.948268273845314980e-04 4.316398699302226305e-04 2.565075643360614777e-02 8.538166992366313934e-03 2.308748848736286163e-02 2.529749460518360138e-02 1.288575120270252228e-02 3.299239033367484808e-04 6.948268273845314980e-04 4.316398699302226305e-04 2.248256467282772064e-03
4.400000000000000000e+04 7.578079239465296268e-04 6.764511344954371452e-04 1.279816846363246441e-03 1.256971736438572407e-03 2.309573348611593246e-03 3.482649917714297771e-04 1.288668252527713776e-03 5.870097083970904350e-04 1.911047287285327911e-02 7.842318154871463776e-03 1.427492313086986542e-02 2.781885303556919098e-02 1.759687811136245728e-02 3.482649917714297771e-04 1.288668252527713776e-03 5.870097083970904350e-04 2.330715302377939224e-03
4.500000000000000000e+04 5.437803338281810284e-04 4.720989090856164694e-04 3.390296478755772114e-04 3.506724024191498756e-04 1.482278923504054546e-03 3.695265913847833872e-04 7.866785163059830666e-04 3.758003003895282745e-04 2.191943116486072540e-02 7.363686338067054749e-03 9.427947923541069031e-03 1.920858211815357208e-02 1.341628376394510269e-02 3.695265913847833872e-04 7.866785163059830666e-04 3.758003003895282745e-04 2.141478471457958221e-03
4.600000000000000000e+04 4.996244679205119610e-04 4.497692571021616459e-04 8.243296761065721512e-04 3.785364970099180937e-04 1.587202772498130798e-03 2.980793651659041643e-04 6.941893952898681164e-04 3.736568323802202940e-04 2.634052745997905731e-02 7.772234734147787094e-03 9.968210011720657349e-03 2.062398381531238556e-02 1.330952160060405731e-02 2.980793651659041643e-04 6.941893952898681164e-04 3.736568323802202940e-04 2.279275096952915192e-03
4.700000000000000000e+04 5.099086556583642960e-04 4.288305935915559530e-04 4.215710796415805817e-03 1.256051589734852314e-03 1.456863596104085445e-03 2.987044281326234341e-04 6.167780375108122826e-04 3.715720085892826319e-04 3.193616122007369995e-02 7.373241242021322250e-03 1.068297959864139557e-02 1.810204982757568359e-02 1.286038756370544434e-02 2.987044281326234341e-04 6.167780375108122826e-04 3.715720085892826319e-04 2.355318982154130936e-03
4.800000000000000000e+04 4.465355013962835073e-04 3.866766928695142269e-04 1.141648972406983376e-03 3.438239218667149544e-04 1.340658986009657383e-03 2.498764661140739918e-04 5.357035552151501179e-04 3.732247278094291687e-04 3.367274254560470581e-02 7.067495491355657578e-03 9.682782925665378571e-03 1.667828857898712158e-02 1.266079023480415344e-02 2.498764661140739918e-04 5.357035552151501179e-04 3.732247278094291687e-04 2.404554281383752823e-03
4.900000000000000000e+04 7.415047730319201946e-04 5.223872140049934387e-04 2.937065251171588898e-02 7.233217824250459671e-03 1.439878367818892002e-03 1.347166253253817558e-04 4.447628161869943142e-04 3.393769438844174147e-04 3.661596029996871948e-02 7.152011152356863022e-03 4.739977419376373291e-02 2.497705630958080292e-02 1.126811467111110687e-02 1.347166253253817558e-04 4.447628161869943142e-04 3.393769438844174147e-04 2.481300849467515945e-03
5.000000000000000000e+04 4.715370887424796820e-04 5.333150038495659828e-04 2.065059030428528786e-03 6.135768489912152290e-04 1.443915185518562794e-03 1.656245294725522399e-04 5.039462703280150890e-04 3.899818693753331900e-04 2.913355641067028046e-02 6.541753187775611877e-03 1.380914915353059769e-02 1.663651317358016968e-02 1.238027308136224747e-02 1.656245294725522399e-04 5.039462703280150890e-04 3.899818693753331900e-04 2.296683145686984062e-03
5.100000000000000000e+04 3.529450332280248404e-04 3.484481130726635456e-04 3.670525329653173685e-04 2.505097654648125172e-04 1.318179769441485405e-03 1.847123785410076380e-04 4.517829802352935076e-04 3.977078595198690891e-04 2.776893787086009979e-02 6.908990908414125443e-03 9.601454250514507294e-03 1.412734948098659515e-02 1.261055748909711838e-02 1.847123785410076380e-04 4.517829802352935076e-04 3.977078595198690891e-04 2.226594602689146996e-03
5.200000000000000000e+04 2.384439343586564064e-03 2.169371582567691803e-03 3.281507641077041626e-03 3.286334685981273651e-03 5.630279425531625748e-03 4.440570191945880651e-04 1.118894433602690697e-03 4.518813220784068108e-04 5.940597876906394958e-02 1.311919651925563812e-02 2.266687713563442230e-02 2.609656378626823425e-02 2.070421352982521057e-02 4.440570191945880651e-04 1.118894433602690697e-03 4.518813220784068108e-04 3.409247612580657005e-03
5.300000000000000000e+04 5.555240204557776451e-04 4.922333755530416965e-04 6.194620509631931782e-04 4.034503363072872162e-04 1.271486282348632812e-03 3.991911362390965223e-04 6.887817871756851673e-04 3.342819691170006990e-04 4.859976097941398621e-02 7.011544425040483475e-03 1.614821702241897583e-02 1.293946057558059692e-02 1.156191062182188034e-02 3.991911362390965223e-04 6.887817871756851673e-04 3.342819691170006990e-04 2.712899819016456604e-03
5.400000000000000000e+04 3.946902579627931118e-04 3.369593177922070026e-04 3.502880572341382504e-04 2.840216911863535643e-04 1.083598122932016850e-03 3.322202828712761402e-04 5.162523011676967144e-04 2.939570404123514891e-04 5.366141721606254578e-02 6.835030857473611832e-03 1.285715773701667786e-02 1.430218480527400970e-02 1.018079929053783417e-02 3.322202828712761402e-04 5.162523011676967144e-04 2.939570404123514891e-04 2.719227690249681473e-03
5.500000000000000000e+04 3.356449306011199951e-04 3.227081324439495802e-04 5.714301951229572296e-04 3.577667521312832832e-04 1.103362534195184708e-03 2.535506209824234247e-04 4.723080783151090145e-04 3.076267603319138288e-04 4.877428337931632996e-02 7.063337601721286774e-03 1.310254633426666260e-02 1.496041379868984222e-02 1.052186544984579086e-02 2.535506209824234247e-04 4.723080783151090145e-04 3.076267603319138288e-04 2.633982570841908455e-03
5.600000000000000000e+04 3.142935456708073616e-04 2.965464664157480001e-04 4.428537213243544102e-04 3.082593611907213926e-04 9.932620450854301453e-04 2.438313385937362909e-04 4.306613991502672434e-04 3.216901386622339487e-04 4.530736804008483887e-02 6.411200389266014099e-03 1.139148976653814316e-02 1.482296083122491837e-02 1.059697661548852921e-02 2.438313385937362909e-04 4.306613991502672434e-04 3.216901386622339487e-04 2.544487128034234047e-03
5.700000000000000000e+04 2.377124037593603134e-03 1.320692477747797966e-03 2.104087769985198975e-01 7.006376236677169800e-02 4.190676845610141754e-03 5.515844677574932575e-04 5.817482015118002892e-04 4.296806291677057743e-04 4.847151786088943481e-02 6.913823541253805161e-03 1.910431087017059326e-01 7.609298080205917358e-02 1.562915928661823273e-02 5.515844677574932575e-04 5.817482015118002892e-04 4.296806291677057743e-04 2.868854673579335213e-03
5.800000000000000000e+04 6.117384182289242744e-04 5.402603419497609138e-04 3.926140069961547852e-02 1.024727337062358856e-02 1.400129171088337898e-03 3.161236236337572336e-04 4.361814644653350115e-04 3.711626050062477589e-04 3.472732380032539368e-02 6.175593007355928421e-03 3.902327641844749451e-02 2.057445235550403595e-02 1.223753299564123154e-02 3.161236236337572336e-04 4.361814644653350115e-04 3.711626050062477589e-04 2.420963486656546593e-03
5.900000000000000000e+04 6.909588701091706753e-04 7.244219304993748665e-04 2.569047501310706139e-03 1.370729412883520126e-02 1.966475276276469231e-03 1.843948994064703584e-04 2.300903579453006387e-04 4.858694155700504780e-04 3.153011575341224670e-02 5.758302286267280579e-03 2.242929302155971527e-02 2.981716208159923553e-02 1.284263096749782562e-02 1.843948994064703584e-04 2.300903579453006387e-04 4.858694155700504780e-04 2.333370037376880646e-03
6.000000000000000000e+04 2.470480976626276970e-04 2.851676254067569971e-04 1.432016491889953613e-03 6.129393004812300205e-04 1.050650258548557758e-03 1.567973667988553643e-04 3.183401422575116158e-04 3.378388937562704086e-04 2.727108635008335114e-02 5.234399810433387756e-03 1.237698551267385483e-02 1.252940949052572250e-02 1.057057455182075500e-02 1.567973667988553643e-04 3.183401422575116158e-04 3.378388937562704086e-04 2.069143578410148621e-03
6.100000000000000000e+04 2.265826624352484941e-04 2.370226284256204963e-04 1.690650591626763344e-03 1.226153690367937088e-03 8.524063741788268089e-04 1.832965208450332284e-04 3.492290561553090811e-04 3.422977461013942957e-04 3.282349184155464172e-02 5.360418464988470078e-03 9.360491298139095306e-03 1.308119762688875198e-02 1.091365795582532883e-02 1.832965208450332284e-04 3.492290561553090811e-04 3.422977461013942957e-04 2.227908698841929436e-03
6.200000000000000000e+04 1.275358139537274837e-03 1.070661935955286026e-03 5.161004886031150818e-02 8.339657448232173920e-03 2.109248656779527664e-03 3.206125984434038401e-04 3.275137860327959061e-04 3.808864566963165998e-04 4.026889801025390625e-02 5.397312808781862259e-03 5.174088478088378906e-02 1.951150409877300262e-02 1.328267157077789307e-02 3.206125984434038401e-04 3.275137860327959061e-04 3.808864566963165998e-04 2.511772327125072479e-03
6.300000000000000000e+04 4.343202745076268911e-04 7.788302609696984291e-04 1.306219492107629776e-03 8.684349013492465019e-04 1.461260253563523293e-03 5.063369753770530224e-04 9.338107774965465069e-04 5.478162784129381180e-04 2.351800166070461273e-02 8.235787041485309601e-03 1.917362026870250702e-02 1.741097867488861084e-02 1.760242506861686707e-02 5.063369753770530224e-04 9.338107774965465069e-04 5.478162784129381180e-04 2.501546638086438179e-03
6.400000000000000000e+04 2.760113857220858335e-04 4.335228295531123877e-04 5.260032485239207745e-04 2.716502058319747448e-04 1.050846651196479797e-03 4.830484976992011070e-04 6.951920804567635059e-04 4.515090258792042732e-04 3.941051661968231201e-02 6.745412480086088181e-03 1.305519044399261475e-02 1.610577292740345001e-02 1.454702578485012054e-02 4.830484976992011070e-04 6.951920804567635059e-04 4.515090258792042732e-04 2.531934296712279320e-03
6.500000000000000000e+04 2.512626233510673046e-04 3.229526046197861433e-04 2.796247717924416065e-04 1.932138547999784350e-04 8.623376488685607910e-04 3.784112923312932253e-04 5.462765693664550781e-04 3.525745996739715338e-04 4.912771657109260559e-02 7.380017079412937164e-03 9.948312304913997650e-03 1.677360571920871735e-02 1.180766616016626358e-02 3.784112923312932253e-04 5.462765693664550781e-04 3.525745996739715338e-04 2.621084451675415039e-03
6.600000000000000000e+04 2.242782065877690911e-04 3.050202503800392151e-04 1.282229670323431492e-03 4.706391482613980770e-04 1.023525022901594639e-03 2.862761903088539839e-04 5.109057528898119926e-04 3.717932559084147215e-04 4.623288661241531372e-02 6.733313668519258499e-03 8.966731838881969452e-03 1.561757177114486694e-02 1.263349596410989761e-02 2.862761903088539839e-04 5.109057528898119926e-04 3.717932559084147215e-04 2.541193272918462753e-03
6.700000000000000000e+04 1.900070492411032319e-04 2.483993303030729294e-04 2.425920101813971996e-04 1.945054245879873633e-04 8.270591497421264648e-04 2.271462144562974572e-04 4.319414729252457619e-04 3.389401535969227552e-04 4.441615566611289978e-02 6.176187656819820404e-03 9.412675164639949799e-03 1.521479804068803787e-02 1.107123494148254395e-02 2.271462144562974572e-04 4.319414729252457619e-04 3.389401535969227552e-04 2.477186266332864761e-03
6.800000000000000000e+04 1.783875341061502695e-04 2.179938455810770392e-04 2.304223162354901433e-04 2.103337174048647285e-04 8.000694215297698975e-04 1.959108194569125772e-04 3.952381375711411238e-04 3.470653900876641273e-04 3.984843939542770386e-02 5.640931893140077591e-03 9.469108656048774719e-03 1.476603373885154724e-02 1.123410649597644806e-02 1.959108194569125772e-04 3.952381375711411238e-04 3.470653900876641273e-04 2.362447325140237808e-03
6.900000000000000000e+04 9.189900592900812626e-04 6.715425988659262657e-04 4.838486015796661377e-02 9.976233355700969696e-03 1.260551740415394306e-03 3.469057555776089430e-04 3.860981960315257311e-04 3.330166800878942013e-04 4.497415199875831604e-02 5.430704914033412933e-03 4.771698266267776489e-02 2.045524865388870239e-02 1.144880149513483047e-02 3.469057555776089430e-04 3.860981960315257311e-04 3.330166800878942013e-04 2.503836760297417641e-03
7.000000000000000000e+04 2.676550648175179958e-04 2.327832480659708381e-04 6.204956676810979843e-03 1.522433478385210037e-03 7.382466574199497700e-04 2.155157562810927629e-04 3.336062654852867126e-04 3.186473622918128967e-04 3.712824732065200806e-02 4.848278593271970749e-03 1.164659764617681503e-02 1.271880604326725006e-02 1.052428688853979111e-02 2.155157562810927629e-04 3.336062654852867126e-04 3.186473622918128967e-04 2.231705002486705780e-03
7.100000000000000000e+04 2.915181103162467480e-04 2.581667213235050440e-04 3.107178490608930588e-04 2.998437266796827316e-04 7.861058111302554607e-04 2.699042088352143764e-04 4.315580299589782953e-04 3.536624426487833261e-04 7.691743224859237671e-02 5.297821015119552612e-03 8.939637802541255951e-03 1.123378146439790726e-02 1.162920333445072174e-02 2.699042088352143764e-04 4.315580299589782953e-04 3.536624426487833261e-04 3.210187656804919243e-03
7.200000000000000000e+04 1.707901974441483617e-04 1.941447844728827477e-04 2.297833852935582399e-04 2.147285413229838014e-04 6.712119211442768574e-04 2.083534927805885673e-04 3.077416913583874702e-04 2.981181023642420769e-04 5.689925327897071838e-02 5.450127646327018738e-03 8.579817600548267365e-03 1.243703998625278473e-02 9.845571592450141907e-03 2.083534927805885673e-04 3.077416913583874702e-04 2.981181023642420769e-04 2.776264911517500877e-03
7.300000000000000000e+04 3.189241397194564342e-04 3.022771561518311501e-04 1.848078519105911255e-02 6.085326429456472397e-03 9.664619574323296547e-04 1.223049912368878722e-04 2.532032376620918512e-04 3.165059315506368876e-04 4.472230002284049988e-02 5.223390646278858185e-03 3.303607553243637085e-02 1.961916685104370117e-02 1.126869209110736847e-02 1.223049912368878722e-04 2.532032376620918512e-04 3.165059315506368876e-04 2.543698297813534737e-03
7.400000000000000000e+04 1.459696068195626140e-04 1.721769222058355808e-04 7.943413802422583103e-04 3.421941946726292372e-04 6.388463662005960941e-04 1.388084929203614593e-04 2.586130867712199688e-04 3.073646221309900284e-04 3.611550107598304749e-02 5.018105264753103256e-03 1.004393864423036575e-02 1.230097003281116486e-02 1.015468034893274307e-02 1.388084929203614593e-04 2.586130867712199688e-04 3.073646221309900284e-04 2.316305413842201233e-03
7.500000000000000000e+04 1.376618020003661513e-04 1.611799671081826091e-04 6.882541347295045853e-04 6.617679027840495110e-04 6.706355488859117031e-04 1.404485374223440886e-04 2.615326666273176670e-04 3.193282464053481817e-04 3.142394497990608215e-02 5.014878232032060623e-03 7.390701211988925934e-03 1.057224720716476440e-02 1.054077222943305969e-02 1.404485374223440886e-04 2.615326666273176670e-04 3.193282464053481817e-04 2.151702530682086945e-03
7.600000000000000000e+04 1.313226821366697550e-04 1.852376735769212246e-04 7.008836837485432625e-04 2.421397075522691011e-04 6.606318056583404541e-04 1.154517667600885034e-04 2.267160598421469331e-04 3.059983137063682079e-04 2.821004204452037811e-02 4.947206936776638031e-03 8.790899999439716339e-03 1.014127768576145172e-02 9.885126724839210510e-03 1.154517667600885034e-04 2.267160598421469331e-04 3.059983137063682079e-04 2.020888496190309525e-03
7.700000000000000000e+04 4.383935010991990566e-04 8.123144507408142090e-04 1.702775363810360432e-03 1.310055493377149105e-03 1.530789420939981937e-03 2.338022168260067701e-04 8.135532843880355358e-04 5.244194180704653263e-04 9.850338101387023926e-03 1.163484342396259308e-02 1.885111071169376373e-02 1.952320523560047150e-02 1.737235486507415771e-02 2.338022168260067701e-04 8.135532843880355358e-04 5.244194180704653263e-04 2.318112179636955261e-03
7.800000000000000000e+04 2.056396770058199763e-04 3.718554216902703047e-04 4.509951104409992695e-04 4.660193808376789093e-04 8.454428170807659626e-04 2.856366336345672607e-04 4.785771598108112812e-04 3.917884605471044779e-04 2.900626137852668762e-02 9.602540172636508942e-03 9.968373924493789673e-03 1.578408107161521912e-02 1.323337666690349579e-02 2.856366336345672607e-04 4.785771598108112812e-04 3.917884605471044779e-04 2.306152833625674248e-03
7.900000000000000000e+04 1.622526615392416716e-04 2.576382539700716734e-04 2.865236019715666771e-04 2.970166679006069899e-04 6.646147230640053749e-04 2.421813114779070020e-04 3.552727866917848587e-04 2.942685969173908234e-04 4.503000900149345398e-02 8.383416570723056793e-03 8.191430009901523590e-03 1.503952126950025558e-02 1.038903836160898209e-02 2.421813114779070020e-04 3.552727866917848587e-04 2.942685969173908234e-04 2.554389648139476776e-03
8.000000000000000000e+04 1.543058606330305338e-04 2.505885495338588953e-04 1.926448545418679714e-03 7.335866685025393963e-04 8.297045133076608181e-04 1.341954484814777970e-04 3.129308752249926329e-04 3.157947212457656860e-04 2.798639424145221710e-02 6.504718679934740067e-03 1.147205568850040436e-02 1.368232071399688721e-02 1.143758185207843781e-02 1.341954484814777970e-04 3.129308752249926329e-04 3.157947212457656860e-04 2.146255690604448318e-03
8.100000000000000000e+04 1.315088593401014805e-04 1.788744702935218811e-04 2.088404435198754072e-04 2.082390710711479187e-04 6.066720234230160713e-04 1.366397918900474906e-04 2.650895912665873766e-04 2.745402453001588583e-04 2.730402164161205292e-02 5.637836176902055740e-03 7.349889725446701050e-03 1.190784573554992676e-02 9.338358417153358459e-03 1.366397918900474906e-04 2.650895912665873766e-04 2.745402453001588583e-04 2.079497091472148895e-03
8.200000000000000000e+04 2.345166140003129840e-04 2.286313101649284363e-04 7.374596316367387772e-03 1.276336261071264744e-03 8.119172416627407074e-04 1.604865828994661570e-04 2.579139254521578550e-04 3.188493428751826286e-04 2.531785145401954651e-02 5.385430064052343369e-03 1.113961916416883469e-02 1.273747067898511887e-02 1.087563298642635345e-02 1.604865828994661570e-04 2.579139254521578550e-04 3.188493428751826286e-04 2.029436407610774040e-03
8.300000000000000000e+04 2.555670798756182194e-04 3.608647384680807590e-04 1.089855190366506577e-02 3.156712045893073082e-03 1.111331162974238396e-03 1.575861679157242179e-04 2.529674966353923082e-04 3.081947215832769871e-04 2.548532560467720032e-02 5.492508411407470703e-03 1.384271029382944107e-02 1.352404151111841202e-02 1.056306622922420502e-02 1.575861679157242179e-04 2.529674966353923082e-04 3.081947215832769871e-04 2.055814256891608238e-03
8.400000000000000000e+04 1.125028124079108238e-03 9.058485738933086395e-04 1.949583645910024643e-03 2.075885888189077377e-03 3.524940460920333862e-03 2.457322552800178528e-04 7.433617138303816319e-04 5.510615301318466663e-04 1.567683741450309753e-02 8.559800684452056885e-03 1.129451673477888107e-02 2.488832734525203705e-02 2.050327882170677185e-02 2.457322552800178528e-04 7.433617138303816319e-04 5.510615301318466663e-04 2.573736943304538727e-03
8.500000000000000000e+04 1.789167290553450584e-04 2.111314533976837993e-04 2.535194216761738062e-04 2.743516524787992239e-04 7.041890057735145092e-04 2.232655970146879554e-04 3.928203659597784281e-04 2.682219783309847116e-04 2.615531533956527710e-02 6.205864716321229935e-03 6.818499416112899780e-03 1.313697174191474915e-02 1.002497598528862000e-02 2.232655970146879554e-04 3.928203659597784281e-04 2.682219783309847116e-04 2.174493158236145973e-03
8.600000000000000000e+04 1.302089658565819263e-04 1.736906997393816710e-04 1.987151044886559248e-04 1.985347189474850893e-04 6.057882565073668957e-04 1.647427416173741221e-04 3.038631693925708532e-04 2.425871934974566102e-04 2.292312495410442352e-02 5.275718402117490768e-03 6.678126286715269089e-03 1.168274506926536560e-02 8.691315539181232452e-03 1.647427416173741221e-04 3.038631693925708532e-04 2.425871934974566102e-04 1.993825891986489296e-03
8.700000000000000000e+04 1.190272596431896091e-04 1.556364150019362569e-04 1.816206204239279032e-04 1.799081073841080070e-04 5.581823061220347881e-04 1.359210291411727667e-04 2.523544826544821262e-04 2.471451589372009039e-04 2.127100527286529541e-02 5.007291678339242935e-03 6.838889326900243759e-03 1.097378507256507874e-02 8.499323390424251556e-03 1.359210291411727667e-04 2.523544826544821262e-04 2.471451589372009039e-04 1.900664530694484711e-03
8.800000000000000000e+04 1.127170398831367493e-04 1.469636481488123536e-04 1.933369348989799619e-04 1.867977698566392064e-04 5.512490752153098583e-04 1.176030636997893453e-04 2.276955783599987626e-04 2.543102018535137177e-04 1.946576870977878571e-02 4.813156556338071823e-03 6.789515726268291473e-03 1.059908419847488403e-02 8.559435606002807617e-03 1.176030636997893453e-04 2.276955783599987626e-04 2.543102018535137177e-04 1.810448709875345230e-03
8.900000000000000000e+04 1.047413752530701458e-04 1.313291431870311499e-04 4.118578799534589052e-04 2.120755962096154690e-04 4.960835212841629982e-04 1.020035415422171354e-04 1.964691182365640998e-04 2.522037539165467024e-04 1.965619996190071106e-02 4.793570376932621002e-03 7.250987924635410309e-03 1.001958176493644714e-02 8.498831652104854584e-03 1.020035415422171354e-04 1.964691182365640998e-04 2.522037539165467024e-04 1.779017969965934753e-03
9.000000000000000000e+04 1.159845851361751556e-04 1.358698791591450572e-04 1.891305088065564632e-03 6.174688460305333138e-04 4.828774835914373398e-04 8.766173414187505841e-05 1.754505356075242162e-04 2.596361155156046152e-04 2.026676200330257416e-02 4.882027860730886459e-03 9.524037130177021027e-03 1.024758443236351013e-02 8.566578850150108337e-03 8.766173414187505841e-05 1.754505356075242162e-04 2.596361155156046152e-04 1.772761112079024315e-03
9.100000000000000000e+04 9.636893810238689184e-05 1.175304278149269521e-04 7.422007620334625244e-04 2.805071999318897724e-04 4.634086799342185259e-04 8.412564056925475597e-05 1.696924737188965082e-04 2.708807005546987057e-04 1.904383860528469086e-02 5.017268471419811249e-03 7.673580199480056763e-03 9.764069691300392151e-03 8.651371113955974579e-03 8.412564056925475597e-05 1.696924737188965082e-04 2.708807005546987057e-04 1.692605554126203060e-03
9.200000000000000000e+04 3.334825159981846809e-04 5.612391396425664425e-04 1.031700521707534790e-03 1.128969597630202770e-03 1.823650905862450600e-03 3.423301968723535538e-04 8.303918293677270412e-04 4.004188522230833769e-04 8.700663223862648010e-03 6.852280814200639725e-03 1.096115540713071823e-02 1.540616247802972794e-02 1.571661978960037231e-02 3.423301968723535538e-04 8.303918293677270412e-04 4.004188522230833769e-04 1.643272116780281067e-03
9.300000000000000000e+04 2.094762749038636684e-04 2.229363453807309270e-04 2.710827684495598078e-04 2.591161464806646109e-04 8.246345678344368935e-04 2.841592940967530012e-04 5.146952462382614613e-04 3.111021651420742273e-04 1.630490645766258240e-02 5.318862851709127426e-03 8.645217865705490112e-03 1.364793069660663605e-02 1.098225265741348267e-02 2.841592940967530012e-04 5.146952462382614613e-04 3.111021651420742273e-04 1.692327205091714859e-03
9.400000000000000000e+04 1.559914089739322662e-04 1.663142465986311436e-04 1.820615580072626472e-04 1.526488485978916287e-04 6.338186212815344334e-04 2.112083020620048046e-04 3.760529216378927231e-04 2.600455773063004017e-04 2.100970409810543060e-02 5.220409482717514038e-03 7.347323466092348099e-03 1.372545119374990463e-02 9.111643768846988678e-03 2.112083020620048046e-04 3.760529216378927231e-04 2.600455773063004017e-04 1.808575820177793503e-03
9.500000000000000000e+04 1.757326681399717927e-04 1.676113315625116229e-04 3.647208213806152344e-03 1.203081570565700531e-03 6.915624253451824188e-04 1.837690215324983001e-04 3.274855262134224176e-04 2.723482903093099594e-04 2.099731564521789551e-02 4.974441602826118469e-03 8.160992525517940521e-03 1.127705071121454239e-02 9.635364636778831482e-03 1.837690215324983001e-04 3.274855262134224176e-04 2.723482903093099594e-04 1.831534900702536106e-03
9.600000000000000000e+04 1.077722918125800788e-04 1.190255716210231185e-04 1.534096518298611045e-04 1.408381795044988394e-04 5.231701070442795753e-04 1.182353662443347275e-04 2.375253243371844292e-04 2.441984252072870731e-04 1.762277446687221527e-02 4.577958956360816956e-03 6.420562509447336197e-03 1.049622893333435059e-02 8.316205814480781555e-03 1.182353662443347275e-04 2.375253243371844292e-04 2.441984252072870731e-04 1.692128367722034454e-03
9.700000000000000000e+04 2.537013206165283918e-04 3.706605639308691025e-04 1.245199609547853470e-02 2.829292556270956993e-03 1.073743100278079510e-03 1.519690413260832429e-04 2.378147328272461891e-04 3.058432484976947308e-04 1.540676224976778030e-02 5.341344978660345078e-03 1.445754803717136383e-02 1.336569152772426605e-02 1.122785639017820358e-02 1.519690413260832429e-04 2.378147328272461891e-04 3.058432484976947308e-04 1.708773779682815075e-03
9.800000000000000000e+04 1.305251353187486529e-04 2.105594758177176118e-04 1.507121254689991474e-03 3.847121261060237885e-04 7.296836120076477528e-04 7.799026934662833810e-05 1.772281539160758257e-04 2.528460172470659018e-04 1.410771161317825317e-02 4.442222882062196732e-03 8.534968830645084381e-03 1.013057027012109756e-02 8.375414647161960602e-03 7.799026934662833810e-05 1.772281539160758257e-04 2.528460172470659018e-04 1.510725938715040684e-03
9.900000000000000000e+04 1.023173972498625517e-04 1.133958285208791494e-04 2.023266861215233803e-03 6.110613467171788216e-04 4.456648894120007753e-04 9.589709952706471086e-05 1.723937020869925618e-04 2.552266523707658052e-04 1.538194715976715088e-02 4.609066061675548553e-03 5.762468557804822922e-03 9.496148675680160522e-03 8.518272079527378082e-03 9.589709952706471086e-05 1.723937020869925618e-04 2.552266523707658052e-04 1.527419430203735828e-03
1.000000000000000000e+05 7.060424104565754533e-05 9.237402991857379675e-05 5.047451122663915157e-04 2.552329970058053732e-04 4.014485166408121586e-04 6.878249405417591333e-05 1.478328340454027057e-04 2.594751713331788778e-04 1.574870944023132324e-02 4.780537914484739304e-03 6.198674440383911133e-03 9.302922524511814117e-03 8.476219139993190765e-03 6.878249405417591333e-05 1.478328340454027057e-04 2.594751713331788778e-04 1.485913759097456932e-03
1.010000000000000000e+05 1.745047629810869694e-04 1.445758098270744085e-04 1.677844265941530466e-04 2.921517589129507542e-04 6.450540968216955662e-04 1.575220812810584903e-04 2.972203656099736691e-04 2.599643194116652012e-04 3.154388070106506348e-02 5.323245655745267868e-03 6.620724219828844070e-03 8.761162869632244110e-03 9.292280301451683044e-03 1.575220812810584903e-04 2.972203656099736691e-04 2.599643194116652012e-04 2.115222159773111343e-03
1.020000000000000000e+05 1.062550945789553225e-04 1.042154399328865111e-04 1.781578903319314122e-04 1.701990113360807300e-04 5.204172921366989613e-04 1.066010809154249728e-04 1.963022659765556455e-04 2.150182990590110421e-04 2.038181014358997345e-02 4.593497142195701599e-03 4.753292538225650787e-03 8.805655874311923981e-03 8.012457750737667084e-03 1.066010809154249728e-04 1.963022659765556455e-04 2.150182990590110421e-04 1.740886131301522255e-03
1.030000000000000000e+05 8.165753388311713934e-05 9.684325777925550938e-05 1.484439417254179716e-04 1.434128935215994716e-04 4.699550336226820946e-04 7.782327156746760011e-05 1.688663469394668937e-04 2.163413155358284712e-04 1.310552656650543213e-02 4.391837865114212036e-03 4.951209295541048050e-03 8.497994393110275269e-03 7.822245359420776367e-03 7.782327156746760011e-05 1.688663469394668937e-04 2.163413155358284712e-04 1.503180246800184250e-03
1.040000000000000000e+05 7.185665890574455261e-05 8.712975250091403723e-05 1.383720955345779657e-04 1.365460921078920364e-04 4.212111525703221560e-04 6.925269553903490305e-05 1.481895305914804339e-04 2.182991156587377191e-04 1.149132475256919861e-02 4.252878017723560333e-03 4.642661195248365402e-03 8.287791162729263306e-03 7.691428996622562408e-03 6.925269553903490305e-05 1.481895305914804339e-04 2.182991156587377191e-04 1.424686983227729797e-03
1.050000000000000000e+05 1.646684831939637661e-04 4.063517844770103693e-04 9.449487552046775818e-04 1.019032555632293224e-03 1.342818257398903370e-03 6.026441405992954969e-05 1.396217994624748826e-04 2.678400778677314520e-04 1.215907279402017593e-02 5.182729102671146393e-03 7.667085155844688416e-03 1.093629747629165649e-02 9.430413134396076202e-03 6.026441405992954969e-05 1.396217994624748826e-04 2.678400778677314520e-04 1.542496960610151291e-03
1.060000000000000000e+05 1.335496053798124194e-04 2.294210717082023621e-04 3.231985261663794518e-03 5.345249664969742298e-04 6.244486430659890175e-04 4.921020081383176148e-05 1.237949909409508109e-04 2.394308685325086117e-04 1.266907155513763428e-02 4.655966535210609436e-03 9.524096734821796417e-03 8.134610019624233246e-03 7.773901335895061493e-03 4.921020081383176148e-05 1.237949909409508109e-04 2.394308685325086117e-04 1.395218190737068653e-03
1.070000000000000000e+05 4.505019460339099169e-04 6.276413914747536182e-04 8.898506057448685169e-04 9.147704113274812698e-04 1.286452985368669033e-03 1.653253129916265607e-04 4.127167339902371168e-04 4.085203399881720543e-04 1.228897087275981903e-02 7.762801833450794220e-03 8.788560517132282257e-03 1.554394140839576721e-02 1.356455776840448380e-02 1.653253129916265607e-04 4.127167339902371168e-04 4.085203399881720543e-04 1.989059848710894585e-03
1.080000000000000000e+05 1.050674545695073903e-04 1.656763633945956826e-04 2.377422497374936938e-04 2.175183326471596956e-04 5.165052716620266438e-04 1.224365405505523086e-04 2.291088749188929796e-04 2.639315789565443993e-04 1.100935228168964386e-02 5.405445117503404617e-03 5.240921396762132645e-03 1.167033240199089050e-02 9.047608822584152222e-03 1.224365405505523086e-04 2.291088749188929796e-04 2.639315789565443993e-04 1.597770838998258114e-03
1.090000000000000000e+05 7.462741632480174303e-05 1.203715873998589814e-04 2.008971496252343059e-04 1.460744533687829971e-04 4.415092407725751400e-04 8.731367415748536587e-05 1.650285557843744755e-04 2.186927886214107275e-04 1.146829221397638321e-02 4.662979394197463989e-03 4.226539283990859985e-03 9.358795359730720520e-03 7.539250887930393219e-03 8.731367415748536587e-05 1.650285557843744755e-04 2.186927886214107275e-04 1.549128792248666286e-03
1.100000000000000000e+05 8.489040192216634750e-05 1.079950307030230761e-04 7.686300668865442276e-04 2.983154263347387314e-04 4.377339791972190142e-04 7.774809637339785695e-05 1.530653389636427164e-04 2.362140367040410638e-04 1.301777455955743790e-02 4.785809200257062912e-03 4.109146073460578918e-03 9.701573289930820465e-03 7.497008424252271652e-03 7.774809637339785695e-05 1.530653389636427164e-04 2.362140367040410638e-04 1.579380594193935394e-03
1.110000000000000000e+05 6.816980021540075541e-05 8.462719415547326207e-05 3.596717142499983311e-04 1.651189377298578620e-04 3.664453106466680765e-04 6.320438114926218987e-05 1.285631005885079503e-04 2.079771657008677721e-04 1.274785213172435760e-02 4.377384670078754425e-03 3.715305123478174210e-03 8.369570598006248474e-03 7.067416794598102570e-03 6.320438114926218987e-05 1.285631005885079503e-04 2.079771657008677721e-04 1.497065182775259018e-03
1.120000000000000000e+05 6.116769509389996529e-05 7.983024988789111376e-05 1.434696896467357874e-04 1.225098822033032775e-04 3.431275836192071438e-04 5.098153997096233070e-05 1.165536232292652130e-04 2.136730909114703536e-04 1.275938469916582108e-02 4.397771786898374557e-03 4.015525802969932556e-03 7.793419994413852692e-03 7.051918655633926392e-03 5.098153997096233070e-05 1.165536232292652130e-04 2.136730909114703536e-04 1.445051981136202812e-03
1.130000000000000000e+05 3.187411930412054062e-04 3.475846897345036268e-04 3.247893229126930237e-02 6.658162921667098999e-03 5.578511045314371586e-04 1.195835284306667745e-04 1.290596555918455124e-04 2.858475490938872099e-04 1.306729111820459366e-02 4.870037082582712173e-03 3.015460446476936340e-02 1.220779586583375931e-02 8.606945164501667023e-03 1.195835284306667745e-04 1.290596555918455124e-04 2.858475490938872099e-04 1.597424619831144810e-03
1.140000000000000000e+05 8.103079744614660740e-05 1.313516404479742050e-04 1.256853574886918068e-03 3.081758623011410236e-04 3.594926965888589621e-04 3.762232518056407571e-05 1.038495465763844550e-04 2.359442296437919140e-04 1.321394927799701691e-02 4.629648290574550629e-03 6.280039902776479721e-03 8.375498466193675995e-03 7.323040626943111420e-03 3.762232518056407571e-05 1.038495465763844550e-04 2.359442296437919140e-04 1.425859984010457993e-03
1.150000000000000000e+05 1.650471240282058716e-04 1.518751232651993632e-04 2.682016638573259115e-04 3.137709863949567080e-04 7.314791437238454819e-04 1.493764866609126329e-04 3.590809938032180071e-04 2.928697213064879179e-04 6.646971683949232101e-03 4.211529623717069626e-03 5.934739485383033752e-03 1.216790918260812759e-02 1.076471805572509766e-02 1.493764866609126329e-04 3.590809938032180071e-04 2.928697213064879179e-04 1.583326724357903004e-03
1.160000000000000000e+05 8.004890696611255407e-05 9.629378473618999124e-05 1.404537470079958439e-04 1.298181159654632211e-04 4.767419304698705673e-04 1.238758122781291604e-04 2.561456349212676287e-04 2.387959830230101943e-04 7.128388620913028717e-03 3.437408246099948883e-03 4.114469978958368301e-03 9.886024519801139832e-03 8.362666703760623932e-03 1.238758122781291604e-04 2.561456349212676287e-04 2.387959830230101943e-04 1.412688405252993107e-03
1.170000000000000000e+05 3.002824669238179922e-04 1.882137003121897578e-04 2.355971746146678925e-02 6.796101108193397522e-03 5.692707491107285023e-04 1.618167589185759425e-04 2.140335855074226856e-04 2.037189260590821505e-04 7.585018873214721680e-03 3.339752787724137306e-03 2.298022992908954620e-02 1.390376221388578415e-02 7.321401964873075485e-03 1.618167589185759425e-04 2.140335855074226856e-04 2.037189260590821505e-04 1.365147880278527737e-03
