# step, loss_train, loss_test, metrics_test
0.000000000000000000e+00 2.227176666259765625e+01 1.367284536361694336e+00 1.522393676757812500e+03 1.784864515066146851e-01 2.544768524169921875e+01 3.159544372558593750e+02 2.126224525272846222e-02 2.271733283996582031e+01 3.065027427673339844e+01 1.935763001441955566e+00 1.294536132812500000e+03 1.706399023532867432e-01 2.165687942504882812e+01 3.159544372558593750e+02 2.126224525272846222e-02 2.271733283996582031e+01 2.822137641906738281e+01
1.000000000000000000e+03 2.068362897261977196e-03 4.692635557148605585e-04 3.950545098632574081e-03 5.812933202832937241e-03 1.925337011925876141e-03 3.650549042504280806e-04 1.164430379867553711e-02 8.577194064855575562e-03 1.304307021200656891e-02 8.901069522835314274e-04 1.919561065733432770e-02 6.790234241634607315e-03 7.038971781730651855e-02 3.650549042504280806e-04 1.164430379867553711e-02 8.577194064855575562e-03 4.369987845420837402e-01
2.000000000000000000e+03 1.016985042952001095e-03 4.517551278695464134e-04 1.348581281490623951e-03 3.782398998737335205e-04 2.322161337360739708e-03 2.067781024379655719e-04 4.035461170133203268e-04 2.502627205103635788e-03 7.839500904083251953e-03 1.870960928499698639e-03 1.361255720257759094e-02 6.611373391933739185e-04 4.112976416945457458e-02 2.067781024379655719e-04 4.035461170133203268e-04 2.502627205103635788e-03 3.533551096916198730e-01
3.000000000000000000e+03 7.501344080083072186e-04 4.655722295865416527e-04 7.847072556614875793e-04 3.062774194404482841e-04 3.699223743751645088e-04 1.077335618901997805e-04 2.700609620660543442e-04 1.475877244956791401e-03 6.286201998591423035e-03 1.129842828959226608e-03 1.736233942210674286e-02 1.316092908382415771e-03 2.079522795975208282e-02 1.077335618901997805e-04 2.700609620660543442e-04 1.475877244956791401e-03 3.190409243106842041e-01
4.000000000000000000e+03 6.834997329860925674e-04 3.336492227390408516e-04 6.774491048417985439e-04 3.541579062584787607e-04 1.933987805387005210e-04 3.944075200706720352e-03 2.372259041294455528e-04 1.611203886568546295e-03 6.042766384780406952e-03 7.431075791828334332e-04 1.936467923223972321e-02 2.081040991470217705e-03 1.067372318357229233e-02 3.944075200706720352e-03 2.372259041294455528e-04 1.611203886568546295e-03 3.121728599071502686e-01
5.000000000000000000e+03 8.475686190649867058e-04 5.004790145903825760e-04 2.341422718018293381e-03 3.986592637374997139e-04 4.163123201578855515e-03 2.604961022734642029e-02 2.165730984415858984e-04 3.117566695436835289e-03 6.214216351509094238e-03 5.692225531674921513e-04 2.107537165284156799e-02 2.986024832352995872e-03 8.451153524219989777e-03 2.604961022734642029e-02 2.165730984415858984e-04 3.117566695436835289e-03 3.313503861427307129e-01
6.000000000000000000e+03 6.276755593717098236e-04 1.396548759657889605e-04 4.161874530836939812e-04 4.196673107799142599e-04 1.550615706946700811e-04 2.162947086617350578e-03 2.577090635895729065e-04 8.411258459091186523e-04 5.259629804641008377e-03 2.919230610132217407e-04 2.113807387650012970e-02 3.787787631154060364e-03 3.604565281420946121e-03 2.162947086617350578e-03 2.577090635895729065e-04 8.411258459091186523e-04 2.964909970760345459e-01
7.000000000000000000e+03 3.291549801360815763e-04 6.641972868237644434e-05 2.103758230805397034e-02 5.670483224093914032e-04 1.543619437143206596e-04 2.878290973603725433e-02 2.161866141250357032e-04 1.100667286664247513e-02 3.263711463660001755e-03 1.465297245886176825e-04 4.518125578761100769e-02 5.461913999170064926e-03 2.100276760756969452e-03 2.878290973603725433e-02 2.161866141250357032e-04 1.100667286664247513e-02 1.967498362064361572e-01
8.000000000000000000e+03 5.057522794231772423e-04 2.924922046076972038e-05 2.939031692221760750e-04 4.750233492814004421e-04 5.268958193482831120e-05 4.839909379370510578e-04 3.416810941416770220e-04 6.162300705909729004e-04 4.346963483840227127e-03 4.739416908705607057e-05 2.053553983569145203e-02 4.429929424077272415e-03 1.362073118798434734e-03 4.839909379370510578e-04 3.416810941416770220e-04 6.162300705909729004e-04 2.684633135795593262e-01
9.000000000000000000e+03 2.062665589619427919e-04 1.345682685496285558e-04 1.632206141948699951e-02 1.295361435040831566e-03 8.205897174775600433e-03 2.362204529345035553e-02 2.189702208852395415e-04 1.452878932468593121e-03 2.620850224047899246e-03 2.077588433166965842e-04 3.385483846068382263e-02 4.414865747094154358e-03 8.654351346194744110e-03 2.362204529345035553e-02 2.189702208852395415e-04 1.452878932468593121e-03 2.065710723400115967e-01
1.000000000000000000e+04 1.993309706449508667e-03 8.419399819104000926e-05 4.859758540987968445e-03 1.680825464427471161e-02 6.924007902853190899e-04 1.485031214542686939e-03 3.232997143641114235e-03 1.417312957346439362e-02 1.085512619465589523e-02 2.117859839927405119e-04 6.813971698284149170e-02 3.677841275930404663e-02 3.708946984261274338e-03 1.485031214542686939e-03 3.232997143641114235e-03 1.417312957346439362e-02 3.241858482360839844e-01
1.100000000000000000e+04 5.014938651584088802e-04 2.095931085932534188e-05 6.942406180314719677e-04 1.049939892254769802e-03 8.992470247903838754e-05 3.294579219073057175e-04 5.347302649170160294e-04 8.994649397209286690e-04 4.096192773431539536e-03 5.084013901068829000e-05 2.250191569328308105e-02 3.989280667155981064e-03 1.089334022253751755e-03 3.294579219073057175e-04 5.347302649170160294e-04 8.994649397209286690e-04 2.462943345308303833e-01
1.200000000000000000e+04 2.929762413259595633e-04 1.786910979717504233e-05 1.166452839970588684e-02 7.920765783637762070e-04 8.950345363700762391e-05 6.010016659274697304e-04 1.554687623865902424e-04 2.643135667312890291e-04 2.869145479053258896e-03 3.791069320868700743e-05 3.008667193353176117e-02 2.974555827677249908e-03 1.039123744703829288e-03 6.010016659274697304e-04 1.554687623865902424e-04 2.643135667312890291e-04 1.779061853885650635e-01
1.300000000000000000e+04 4.948129644617438316e-04 2.075020893244072795e-05 1.291680266149342060e-03 5.395795451477169991e-04 1.367168588330969214e-04 2.128944732248783112e-03 1.137796207331120968e-04 2.568258205428719521e-04 4.150738008320331573e-03 4.106790947844274342e-05 1.532813720405101776e-02 2.091500908136367798e-03 1.039855182170867920e-03 2.128944732248783112e-03 1.137796207331120968e-04 2.568258205428719521e-04 2.576797306537628174e-01
1.400000000000000000e+04 3.645208489615470171e-04 2.092410250043030828e-05 3.090851823799312115e-04 2.751991560216993093e-04 1.767372159520164132e-04 8.995817188406363130e-05 1.036966641549952328e-04 1.975305058294907212e-04 3.514950163662433624e-03 3.440566797507926822e-05 1.214583870023488998e-02 1.576325972564518452e-03 9.505717898719012737e-04 8.995817188406363130e-05 1.036966641549952328e-04 1.975305058294907212e-04 2.330219000577926636e-01
1.500000000000000000e+04 3.281420795246958733e-04 1.483675077906809747e-05 4.014003789052367210e-04 2.681477053556591272e-04 5.354209133656695485e-05 2.160278672818094492e-04 9.584252984495833516e-05 1.579027593834325671e-04 3.184505738317966461e-03 3.397110413061454892e-05 7.295179646462202072e-03 1.009943662211298943e-03 7.195443031378090382e-04 2.160278672818094492e-04 9.584252984495833516e-05 1.579027593834325671e-04 2.246057391166687012e-01
1.600000000000000000e+04 2.344209060538560152e-04 7.112377261364599690e-06 9.503768524155020714e-05 2.259330358356237411e-04 3.886257036356255412e-05 9.226070251315832138e-04 9.084341581910848618e-05 6.504125194624066353e-04 2.694787923246622086e-03 1.123282254411606118e-05 4.842204973101615906e-03 8.015403291210532188e-04 5.873283371329307556e-04 9.226070251315832138e-04 9.084341581910848618e-05 6.504125194624066353e-04 2.043701261281967163e-01
1.700000000000000000e+04 2.011737378779798746e-04 4.775382421939866617e-06 1.137880972237326205e-04 2.208635851275175810e-04 1.050947321346029639e-04 1.962385140359401703e-04 1.069858917617239058e-04 9.356979862786829472e-04 2.449032850563526154e-03 7.902486686361953616e-06 2.458132803440093994e-03 4.823153722099959850e-04 5.380815127864480019e-04 1.962385140359401703e-04 1.069858917617239058e-04 9.356979862786829472e-04 1.946907490491867065e-01
1.800000000000000000e+04 2.139183779945597053e-04 2.224755235147313215e-06 9.630213025957345963e-05 3.198529302608221769e-04 1.015468442346900702e-04 2.002371184062212706e-04 1.372297847410663962e-04 2.641708997543901205e-04 1.971720950677990913e-03 5.088735179015202448e-06 3.770380280911922455e-03 9.532807162031531334e-04 5.378074129112064838e-04 2.002371184062212706e-04 1.372297847410663962e-04 2.641708997543901205e-04 1.774165630340576172e-01
1.900000000000000000e+04 1.627338642720133066e-04 2.801270284180645831e-06 1.023451186483725905e-04 2.355069300392642617e-04 1.272394365514628589e-05 2.015718346228823066e-04 1.333500840701162815e-04 7.548888679593801498e-04 1.571323140524327755e-03 8.396894372708629817e-06 2.524859271943569183e-03 6.770560867153108120e-04 4.041416104882955551e-04 2.015718346228823066e-04 1.333500840701162815e-04 7.548888679593801498e-04 1.602995097637176514e-01
2.000000000000000000e+04 1.252561196452006698e-04 3.550870360413682647e-06 4.907427137368358672e-05 2.036446239799261093e-04 3.887409911840222776e-05 1.730378251522779465e-03 1.397318410454317927e-04 4.642623534891754389e-04 1.529848203063011169e-03 1.379498462483752519e-05 2.079332945868372917e-03 7.091439911164343357e-04 4.394061106722801924e-04 1.730378251522779465e-03 1.397318410454317927e-04 4.642623534891754389e-04 1.556616276502609253e-01
2.100000000000000000e+04 1.715247344691306353e-04 5.352608695829985663e-06 2.231558552011847496e-03 2.609411312732845545e-04 2.803659481287468225e-05 1.020965573843568563e-04 1.766995992511510849e-04 4.809351812582463026e-04 1.605021767318248749e-03 1.649174919293727726e-05 3.339552320539951324e-03 7.007829262875020504e-04 4.008379764854907990e-04 1.020965573843568563e-04 1.766995992511510849e-04 4.809351812582463026e-04 1.683518737554550171e-01
2.200000000000000000e+04 5.976741085760295391e-04 1.554172631585970521e-04 6.128438981249928474e-04 9.067222126759588718e-04 1.737401616992428899e-04 1.262758305529132485e-04 8.552788640372455120e-04 1.097903936170041561e-03 3.915306646376848221e-03 4.528983845375478268e-04 9.031938388943672180e-03 1.790684415027499199e-03 1.126103941351175308e-02 1.262758305529132485e-04 8.552788640372455120e-04 1.097903936170041561e-03 2.040944546461105347e-01
2.300000000000000000e+04 2.014995698118582368e-04 1.133960176957771182e-04 1.233488146681338549e-04 2.498202084098011255e-04 8.861923561198636889e-05 1.831928966566920280e-05 2.433450135868042707e-04 4.121739475522190332e-04 2.162709832191467285e-03 3.099727910012006760e-04 2.355444245040416718e-03 4.718801937997341156e-04 4.446735139936208725e-03 1.831928966566920280e-05 2.433450135868042707e-04 4.121739475522190332e-04 1.693012416362762451e-01
2.400000000000000000e+04 1.558587100589647889e-04 8.854995394358411431e-05 8.456534851575270295e-05 1.238448312506079674e-04 1.784367195796221495e-04 2.874266821891069412e-03 9.610000415705144405e-05 2.056019147858023643e-04 1.769616850651800632e-03 2.039777173195034266e-04 1.649163779802620411e-03 3.364795702509582043e-04 2.200178802013397217e-03 2.874266821891069412e-03 9.610000415705144405e-05 2.056019147858023643e-04 1.559203267097473145e-01
2.500000000000000000e+04 1.185559885925613344e-04 4.479550625546835363e-05 3.135665319859981537e-04 1.373850391246378422e-04 3.902578901033848524e-04 2.500620212231297046e-05 4.963705214322544634e-05 1.943250099429860711e-04 1.374660758301615715e-03 1.469551934860646725e-04 1.968905329704284668e-03 2.014429483097046614e-04 1.426581759005784988e-03 2.500620212231297046e-05 4.963705214322544634e-05 1.943250099429860711e-04 1.326049417257308960e-01
2.600000000000000000e+04 9.679286449681967497e-05 4.521654045674949884e-05 1.039064489305019379e-03 2.500795235391706228e-04 4.047172114951536059e-05 7.287572952918708324e-04 4.091934169991873205e-05 3.013622947037220001e-03 1.105813193134963512e-03 8.796570182312279940e-05 2.761197509244084358e-03 3.565452352631837130e-04 6.613990990445017815e-04 7.287572952918708324e-04 4.091934169991873205e-05 3.013622947037220001e-03 1.178049519658088684e-01
2.700000000000000000e+04 9.511181269772350788e-05 1.850317130447365344e-05 2.001115208258852363e-04 5.070238839834928513e-04 4.682385188061743975e-04 2.363633597269654274e-03 6.455418770201504230e-05 3.277548821642994881e-04 9.808201575651764870e-04 5.944601070950739086e-05 2.481994917616248131e-03 8.502198033966124058e-04 7.405437063425779343e-04 2.363633597269654274e-03 6.455418770201504230e-05 3.277548821642994881e-04 1.239896640181541443e-01
2.800000000000000000e+04 6.665493856417015195e-05 1.028326005325652659e-05 1.886148529592901468e-04 4.901196225546300411e-04 5.585966573562473059e-05 1.652805622143205255e-05 1.371530379401519895e-04 2.692645939532667398e-04 8.093337528407573700e-04 2.155266338377259672e-05 2.680871868506073952e-03 1.039849012158811092e-03 3.545341023709625006e-04 1.652805622143205255e-05 1.371530379401519895e-04 2.692645939532667398e-04 1.069733798503875732e-01
2.900000000000000000e+04 6.116474105510860682e-05 4.240110683895181865e-06 5.498858081409707665e-05 3.275927738286554813e-04 1.155149857368087396e-05 3.297539296909235418e-05 8.393434836762025952e-05 1.670364290475845337e-04 6.304939161054790020e-04 1.369911842630244792e-05 3.139307955279946327e-03 1.116109779104590416e-03 2.458593517076224089e-04 3.297539296909235418e-05 8.393434836762025952e-05 1.670364290475845337e-04 9.829909354448318481e-02
3.000000000000000000e+04 5.017748117097653449e-05 2.608593149489024654e-06 4.199850445729680359e-05 2.034815115621313453e-04 8.546668141207192093e-06 7.502982043661177158e-05 5.612607128568924963e-05 8.730679837753996253e-05 5.275644944049417973e-04 1.036615867633372545e-05 2.273598220199346542e-03 9.501065942458808422e-04 2.694871800485998392e-04 7.502982043661177158e-05 5.612607128568924963e-05 8.730679837753996253e-05 9.218755364418029785e-02
3.100000000000000000e+04 5.442353358375839889e-05 1.467116817366331816e-06 5.026200597058050334e-05 4.407720407471060753e-04 8.755677299632225186e-06 4.642467945814132690e-03 7.604268466820940375e-05 8.177458657883107662e-04 4.327307688072323799e-04 7.605998234794242308e-06 2.968137385323643684e-03 1.479398808442056179e-03 2.882174449041485786e-04 4.642467945814132690e-03 7.604268466820940375e-05 8.177458657883107662e-04 8.770069479942321777e-02
3.200000000000000000e+04 4.396112126414664090e-05 5.218576461629709229e-06 4.837489541387185454e-05 5.269600078463554382e-04 7.102150266291573644e-05 4.366694774944335222e-04 3.206640540156513453e-04 4.968619905412197113e-04 3.835418901871889830e-04 1.221890761371469125e-05 3.726968308910727501e-03 1.956333406269550323e-03 4.405537620186805725e-04 4.366694774944335222e-04 3.206640540156513453e-04 4.968619905412197113e-04 8.135781437158584595e-02
3.300000000000000000e+04 1.112328245653770864e-04 1.143803601735271513e-04 6.507334765046834946e-04 1.643639756366610527e-03 1.299894414842128754e-03 5.367245830711908638e-05 3.415016399230808020e-04 6.630806019529700279e-04 1.246345113031566143e-03 1.904399541672319174e-04 2.945441566407680511e-02 6.863296963274478912e-03 3.904357086867094040e-03 5.367245830711908638e-05 3.415016399230808020e-04 6.630806019529700279e-04 1.296875178813934326e-01
3.400000000000000000e+04 7.707077020313590765e-05 3.630255378084257245e-05 2.027529844781383872e-04 3.886477497871965170e-04 2.818444336298853159e-04 5.300451448420062661e-05 1.092391830752603710e-04 2.324427769053727388e-04 1.055993954651057720e-03 1.125746202887967229e-04 1.138511020690202713e-02 2.079974627122282982e-03 2.085029846057295799e-03 5.300451448420062661e-05 1.092391830752603710e-04 2.324427769053727388e-04 1.090691909193992615e-01
3.500000000000000000e+04 6.135377770988270640e-05 2.671607762749772519e-05 2.291828714078292251e-04 4.352581745479255915e-04 1.737489947117865086e-04 9.963438787963241339e-05 6.998576282057911158e-05 3.133552090730518103e-04 8.449021261185407639e-04 1.074111933121457696e-04 4.722261801362037659e-03 9.742406546138226986e-04 1.646993216127157211e-03 9.963438787963241339e-05 6.998576282057911158e-05 3.133552090730518103e-04 9.916828572750091553e-02
3.600000000000000000e+04 1.405280490871518850e-04 1.845478618633933365e-05 3.822857281193137169e-03 5.785555695183575153e-04 9.120037429966032505e-05 5.762772052548825741e-04 5.788577254861593246e-05 1.642289571464061737e-03 8.586614276282489300e-04 7.362484757322818041e-05 4.810204729437828064e-03 7.333643734455108643e-04 1.171076903119683266e-03 5.762772052548825741e-04 5.788577254861593246e-05 1.642289571464061737e-03 1.242648586630821228e-01
3.700000000000000000e+04 5.111438076710328460e-05 9.479083928454201669e-06 9.295185009250417352e-05 6.404533633030951023e-04 3.721247776411473751e-05 4.605868307407945395e-04 6.453064270317554474e-05 3.959203604608774185e-04 3.862744197249412537e-04 3.592253415263257921e-05 1.063790754415094852e-03 7.967437850311398506e-04 7.576220086775720119e-04 4.605868307407945395e-04 6.453064270317554474e-05 3.959203604608774185e-04 7.010066509246826172e-02
3.800000000000000000e+04 4.004919901490211487e-05 6.196571121108718216e-06 6.352477357722818851e-04 6.794750806875526905e-04 2.754389788606204093e-05 1.205028500407934189e-03 9.358437091577798128e-05 2.625185996294021606e-03 2.353788295295089483e-04 1.469531434850068763e-05 2.419612370431423187e-03 1.128843869082629681e-03 4.826297517865896225e-04 1.205028500407934189e-03 9.358437091577798128e-05 2.625185996294021606e-03 4.925381019711494446e-02
3.900000000000000000e+04 5.280380355543456972e-05 2.448548229949665256e-06 1.684861636022105813e-04 6.891327793709933758e-04 1.062363808159716427e-04 1.377292792312800884e-03 1.199911348521709442e-04 2.178175747394561768e-02 2.495222142897546291e-04 1.070675079972716048e-05 2.767412923276424408e-03 1.302760327234864235e-03 3.257959615439176559e-04 1.377292792312800884e-03 1.199911348521709442e-04 2.178175747394561768e-02 6.272245943546295166e-02
4.000000000000000000e+04 3.538842429406940937e-05 3.159399511787341908e-06 1.003152501652948558e-04 5.924125434830784798e-04 4.892579454462975264e-05 1.353476545773446560e-04 1.116438434110023081e-04 3.050923347473144531e-03 2.030365867540240288e-04 8.999633791972883046e-06 3.094042418524622917e-03 1.490900758653879166e-03 2.630440576467663050e-04 1.353476545773446560e-04 1.116438434110023081e-04 3.050923347473144531e-03 5.301145091652870178e-02
4.100000000000000000e+04 6.341551488731056452e-05 3.701744162754039280e-06 5.217508878558874130e-04 7.679302943870425224e-04 8.114738011499866843e-05 1.371420657960698009e-04 1.329969381913542747e-04 6.017761770635843277e-04 2.317624312127009034e-04 6.450641194533091038e-06 2.481842646375298500e-03 1.558621530421078205e-03 2.227437507826834917e-04 1.371420657960698009e-04 1.329969381913542747e-04 6.017761770635843277e-04 6.273867189884185791e-02
4.200000000000000000e+04 2.365847467444837093e-05 1.810647290767519735e-06 4.587586954585276544e-05 4.836397420149296522e-04 9.876263902697246522e-06 8.537703193724155426e-03 7.142739923438057303e-05 4.121699370443820953e-03 1.402252091793343425e-04 6.217297595867421478e-06 2.346417633816599846e-03 1.291562570258975029e-03 1.809484965633600950e-04 8.537703193724155426e-03 7.142739923438057303e-05 4.121699370443820953e-03 4.225027561187744141e-02
4.300000000000000000e+04 3.221361475880257785e-05 2.593369572423398495e-06 1.475474564358592033e-04 6.864298484288156033e-04 9.583366590959485620e-06 3.286084160208702087e-03 9.442705049877986312e-05 5.623224657028913498e-03 1.406884694006294012e-04 5.831959697388811037e-06 2.940157195553183556e-03 1.631929771974682808e-03 1.663370640017092228e-04 3.286084160208702087e-03 9.442705049877986312e-05 5.623224657028913498e-03 4.458446800708770752e-02
4.400000000000000000e+04 2.049432623607572168e-05 1.002324552246136591e-06 3.418609048821963370e-05 7.335815462283790112e-04 4.255773092154413462e-06 1.973349426407366991e-04 9.544462955091148615e-05 2.752728469204157591e-04 8.893405174603685737e-05 6.865909654152346775e-06 2.871807664632797241e-03 1.680344692431390285e-03 2.211607643403112888e-04 1.973349426407366991e-04 9.544462955091148615e-05 2.752728469204157591e-04 3.616346791386604309e-02
4.500000000000000000e+04 1.897466609079856426e-05 4.639079634216614068e-06 1.040982897393405437e-04 7.182152476161718369e-04 1.955869229277595878e-04 1.104001654312014580e-03 1.406993542332202196e-04 1.525325234979391098e-03 9.319664241047576070e-05 8.423178769589867443e-06 1.611140556633472443e-03 1.410303288139402866e-03 3.425492323003709316e-04 1.104001654312014580e-03 1.406993542332202196e-04 1.525325234979391098e-03 3.314612060785293579e-02
4.600000000000000000e+04 9.054871043190360069e-06 9.722774620968266390e-07 2.327762558707036078e-05 3.787005553022027016e-04 2.394323701082612388e-06 1.307020866079255939e-04 3.820665733655914664e-05 2.999453863594681025e-04 5.226945722824893892e-05 4.113025170227047056e-06 1.900976174511015415e-03 1.005884725600481033e-03 1.829358952818438411e-04 1.307020866079255939e-04 3.820665733655914664e-05 2.999453863594681025e-04 2.504235133528709412e-02
4.700000000000000000e+04 7.232334155560238287e-06 3.402047695999499410e-06 3.832416769000701606e-05 3.721004759427160025e-04 2.323860462638549507e-05 6.302580004557967186e-04 3.389182529645040631e-05 2.280354237882420421e-04 4.565432027447968721e-05 7.448134510923409835e-06 1.488141715526580811e-03 9.755174396559596062e-04 2.333258598810061812e-04 6.302580004557967186e-04 3.389182529645040631e-05 2.280354237882420421e-04 2.268165908753871918e-02
4.800000000000000000e+04 1.959242217708379030e-04 1.599654933670535684e-04 2.505126176401972771e-04 7.951028528623282909e-04 1.254343951586633921e-04 1.901919677038677037e-05 2.183760516345500946e-04 7.537602214142680168e-04 4.990362795069813728e-04 4.505051474552601576e-04 2.328683855012059212e-03 1.431836513802409172e-03 3.204129636287689209e-03 1.901919677038677037e-05 2.183760516345500946e-04 7.537602214142680168e-04 5.659246072173118591e-02
4.900000000000000000e+04 5.890260217711329460e-05 6.822702562203630805e-05 7.998912769835442305e-05 1.368398661725223064e-04 6.165914965094998479e-05 2.092666363751050085e-05 8.502430864609777927e-05 1.737341954139992595e-04 1.489963615313172340e-04 2.193331602029502392e-04 3.441346576437354088e-03 6.401067366823554039e-04 1.114582992158830166e-03 2.092666363751050085e-05 8.502430864609777927e-05 1.737341954139992595e-04 3.813263028860092163e-02
5.000000000000000000e+04 2.568448871897999197e-05 3.712514808285050094e-05 3.870137152262032032e-05 7.055271271383389831e-05 3.794350413954816759e-05 5.797383346362039447e-05 3.079384623561054468e-05 8.863329276209697127e-05 7.126560376491397619e-05 1.271282671950757504e-04 2.219275571405887604e-03 3.708017757162451744e-04 4.578438529279083014e-04 5.797383346362039447e-05 3.079384623561054468e-05 8.863329276209697127e-05 2.626459486782550812e-02
5.100000000000000000e+04 1.360732585453661159e-05 2.575371581770014018e-05 4.778028960572555661e-05 1.130194868892431259e-04 1.242894650204107165e-04 2.717937786655966192e-05 1.579102718096692115e-05 3.089975216425955296e-04 3.507320798235014081e-05 8.083966531557962298e-05 1.480383914895355701e-03 3.377661050762981176e-04 2.913359203375875950e-04 2.717937786655966192e-05 1.579102718096692115e-05 3.089975216425955296e-04 1.808963716030120850e-02
5.200000000000000000e+04 6.052095613995334134e-06 1.743895518302451819e-05 1.811482979974243790e-05 2.488507889211177826e-04 2.651281247381120920e-04 2.977062948048114777e-03 1.806591899367049336e-05 1.734342193230986595e-03 2.387643144174944609e-05 5.233820411376655102e-05 1.272705965675413609e-03 5.147085757926106453e-04 4.238972906023263931e-04 2.977062948048114777e-03 1.806591899367049336e-05 1.734342193230986595e-03 1.980990357697010040e-02
5.300000000000000000e+04 4.308717052481370047e-06 9.788524039322510362e-06 2.278204920003190637e-05 4.252626386005431414e-04 1.555311755510047078e-04 4.457454779185354710e-04 2.806641168717760593e-05 3.676973283290863037e-04 2.283936373714823276e-05 3.100023241131566465e-05 1.198834623210132122e-03 7.687124889343976974e-04 3.431489749345928431e-04 4.457454779185354710e-04 2.806641168717760593e-05 3.676973283290863037e-04 1.839005202054977417e-02
5.400000000000000000e+04 1.755764060362707824e-06 8.358122613572049886e-06 2.085213054670020938e-05 3.447467752266675234e-04 2.643863845150917768e-04 9.894052345771342516e-05 2.953187504317611456e-05 2.558009873609989882e-04 2.304698136867955327e-05 1.176302703242981806e-05 1.146333990618586540e-03 6.371645140461623669e-04 3.951025719288736582e-04 9.894052345771342516e-05 2.953187504317611456e-05 2.558009873609989882e-04 2.083968371152877808e-02
5.500000000000000000e+04 4.243814601068152115e-06 1.609260039003856946e-06 4.624963330570608377e-04 4.817986337002366781e-04 1.596744550624862313e-05 3.529580775648355484e-03 1.765677188814152032e-05 1.688864454627037048e-02 2.352129376959055662e-05 4.630630428437143564e-06 1.539279124699532986e-03 8.430758025497198105e-04 2.327384863747283816e-04 3.529580775648355484e-03 1.765677188814152032e-05 1.688864454627037048e-02 1.767060533165931702e-02
5.600000000000000000e+04 5.647548732667928562e-06 3.501669198158197105e-06 4.109008586965501308e-04 4.786149656865745783e-04 8.361478830920532346e-05 3.654288884717971087e-04 3.860035940306261182e-05 1.353495637886226177e-03 2.865312671929132193e-05 6.148035026853904128e-06 1.460874802432954311e-03 8.850006852298974991e-04 3.037526912521570921e-04 3.654288884717971087e-04 3.860035940306261182e-05 1.353495637886226177e-03 2.284480817615985870e-02
5.700000000000000000e+04 2.294696287208353169e-06 1.240485858033935074e-06 1.512576818640809506e-05 3.452614473644644022e-04 3.121883310086559504e-06 1.174968856503255665e-04 2.511561615392565727e-05 1.574812922626733780e-04 2.332994517928455025e-05 2.873315679607912898e-06 1.187510672025382519e-03 6.872356170788407326e-04 2.723423240240663290e-04 1.174968856503255665e-04 2.511561615392565727e-05 1.574812922626733780e-04 1.661985367536544800e-02
5.800000000000000000e+04 3.721406528711668216e-06 2.732841949182329699e-06 8.477264054818078876e-05 3.546344523783773184e-04 4.140211967751383781e-05 1.607334823347628117e-03 4.939352947985753417e-05 5.447526345960795879e-04 2.885815410991199315e-05 3.687473963509546593e-06 8.898040396161377430e-04 5.983159644529223442e-04 2.998752752318978310e-04 1.607334823347628117e-03 4.939352947985753417e-05 5.447526345960795879e-04 2.086579799652099609e-02
5.900000000000000000e+04 2.849949851224664599e-06 1.057567942552850582e-06 9.451622645428869873e-06 2.281047200085595250e-04 2.869946229111519642e-06 6.864916940685361624e-05 1.633513784327078611e-05 2.561956061981618404e-04 1.861058444774243981e-05 2.746789277807692997e-06 4.898479091934859753e-04 4.335405828896909952e-04 2.256255102111026645e-04 6.864916940685361624e-05 1.633513784327078611e-05 2.561956061981618404e-04 1.466617919504642487e-02
6.000000000000000000e+04 3.328017783132963814e-06 1.217735757563787047e-06 1.074582814908353612e-05 2.191722742281854153e-04 4.567676569422474131e-06 6.320445099845528603e-04 2.106075953633990139e-05 7.425143849104642868e-04 2.025185312959365547e-05 3.595185262383893132e-06 3.332816122565418482e-04 3.888347418978810310e-04 2.164759789593517780e-04 6.320445099845528603e-04 2.106075953633990139e-05 7.425143849104642868e-04 1.614941470324993134e-02
6.100000000000000000e+04 2.482356794644147158e-04 4.800763053935952485e-05 1.939384528668597341e-04 1.160659361630678177e-03 7.620434917043894529e-05 2.977398398797959089e-04 5.264716455712914467e-04 4.206904268357902765e-04 8.475980721414089203e-04 4.238409746903926134e-05 8.952817879617214203e-03 1.637276378460228443e-03 1.358884153887629509e-03 2.977398398797959089e-04 5.264716455712914467e-04 4.206904268357902765e-04 7.558293640613555908e-02
6.200000000000000000e+04 1.050331993610598147e-04 1.269824042537948117e-05 8.331732533406466246e-05 2.508749894332140684e-04 3.331909465487115085e-05 3.810421549133025110e-05 2.022155676968395710e-04 1.707211922621354461e-04 5.285041988827288151e-04 3.080582246184349060e-05 1.102077774703502655e-02 7.633557543158531189e-04 6.506434292532503605e-04 3.810421549133025110e-05 2.022155676968395710e-04 1.707211922621354461e-04 4.666217043995857239e-02
6.300000000000000000e+04 4.753611938212998211e-05 1.028276346914935857e-05 4.667976827477104962e-05 1.429690164513885975e-04 2.178453542001079768e-05 2.985420178447384387e-05 8.011431782506406307e-05 8.826312841847538948e-05 2.801482914946973324e-04 2.639148078742437065e-05 5.833376664668321609e-03 4.180023679509758949e-04 2.736299065873026848e-04 2.985420178447384387e-05 8.011431782506406307e-05 8.826312841847538948e-05 2.910023927688598633e-02
6.400000000000000000e+04 1.738198807288426906e-05 5.146933290234301239e-06 3.044788900297135115e-05 1.060894574038684368e-04 1.408051048201741651e-05 3.015243913978338242e-03 2.626037894515320659e-05 5.762465298175811768e-05 1.007473474601283669e-04 1.188789156003622338e-05 1.369183883070945740e-03 1.769837981555610895e-04 1.684652088442817330e-04 3.015243913978338242e-03 2.626037894515320659e-05 5.762465298175811768e-05 1.737374067306518555e-02
6.500000000000000000e+04 7.828842171875294298e-06 3.634819904618780129e-06 1.652251958148553967e-04 1.908691192511469126e-04 6.801852578064426780e-05 1.371515973005443811e-04 1.559813790663611144e-05 3.512180992402136326e-04 3.302439654362387955e-05 7.778395229252055287e-06 2.981445577461272478e-04 3.457212005741894245e-04 2.475851506460458040e-04 1.371515973005443811e-04 1.559813790663611144e-05 3.512180992402136326e-04 1.768645085394382477e-02
6.600000000000000000e+04 9.312449947174172848e-06 3.104759343841578811e-06 3.950411046389490366e-04 2.490776823833584785e-04 1.660453563090413809e-04 1.865840604295954108e-04 1.381752008455805480e-05 1.787664368748664856e-04 2.539012348279356956e-05 7.098440619301982224e-06 4.348653310444205999e-04 4.419369506649672985e-04 3.451429365668445826e-04 1.865840604295954108e-04 1.381752008455805480e-05 1.787664368748664856e-04 2.203290723264217377e-02
6.700000000000000000e+04 5.854445134900743142e-06 4.043210083182202652e-06 5.192080861888825893e-04 2.383457758696749806e-04 1.491183065809309483e-04 5.249754758551716805e-04 1.032854106597369537e-05 1.305603422224521637e-03 1.304796478507341817e-05 5.499105554918060079e-06 4.955549375154078007e-04 3.189712006133049726e-04 2.660882018972188234e-04 5.249754758551716805e-04 1.032854106597369537e-05 1.305603422224521637e-03 1.415439229458570480e-02
6.800000000000000000e+04 2.324157549082883634e-06 9.245943033420189749e-07 1.416316808899864554e-05 1.708767958916723728e-04 4.533460469247074798e-06 2.706121085793711245e-05 1.229285135195823386e-05 1.359580201096832752e-04 1.633563806535676122e-05 2.671417405508691445e-06 7.363526674453169107e-05 3.111818805336952209e-04 1.655087253311648965e-04 2.706121085793711245e-05 1.229285135195823386e-05 1.359580201096832752e-04 1.424145232886075974e-02
6.900000000000000000e+04 1.951394551724661142e-06 1.653195909057103563e-06 7.396773435175418854e-05 3.449018113315105438e-04 1.692485784587915987e-05 1.001025433652102947e-03 1.968640754057560116e-05 3.515191841870546341e-03 1.274603710044175386e-05 3.837147687590913847e-06 1.121623718063347042e-04 4.674862721003592014e-04 1.654143270570784807e-04 1.001025433652102947e-03 1.968640754057560116e-05 3.515191841870546341e-03 1.305017620325088501e-02
7.000000000000000000e+04 1.978942918867687695e-06 1.290242607865366153e-06 1.399031316395848989e-05 2.498200337868183851e-04 1.577290640852879733e-05 1.994166988879442215e-03 1.709909156488720328e-05 3.665055381134152412e-03 1.396708557876991108e-05 2.850419150490779430e-06 3.079268935834988952e-05 3.729593299794942141e-04 1.528363209217786789e-04 1.994166988879442215e-03 1.709909156488720328e-05 3.665055381134152412e-03 1.290120929479598999e-02
7.100000000000000000e+04 3.092850647590239532e-06 1.102999590330000501e-06 1.073102794180158526e-05 1.281931472476571798e-04 1.804274461392196827e-06 1.308786682784557343e-03 1.641613198444247246e-05 2.439175004838034511e-04 2.020420106418896466e-05 2.686667812668019906e-06 2.735061207204125822e-05 2.163630852010101080e-04 1.514382311142981052e-04 1.308786682784557343e-03 1.641613198444247246e-05 2.439175004838034511e-04 1.497811637818813324e-02
7.200000000000000000e+04 2.084748353809118271e-03 8.364886161871254444e-05 2.619239268824458122e-03 7.337396964430809021e-03 8.205968770198523998e-04 2.271512639708817005e-04 7.104958873242139816e-03 1.068618986755609512e-02 2.912536263465881348e-03 2.150270447600632906e-04 2.214133180677890778e-02 1.253392733633518219e-02 1.777757774107158184e-03 2.271512639708817005e-04 7.104958873242139816e-03 1.068618986755609512e-02 2.271997034549713135e-01
7.300000000000000000e+04 1.034988235915079713e-04 1.593042179592885077e-05 9.662703087087720633e-05 3.384996380191296339e-04 2.224000672867987305e-05 1.844250255089718848e-05 6.360611587297171354e-05 8.513081411365419626e-05 3.371019265614449978e-04 2.860285530914552510e-05 4.932286683470010757e-03 1.012322609312832355e-03 1.557086652610450983e-04 1.844250255089718848e-05 6.360611587297171354e-05 8.513081411365419626e-05 2.596546895802021027e-02
7.400000000000000000e+04 4.950330549036152661e-05 3.612457248891587369e-06 9.316529758507385850e-05 2.156195405405014753e-04 2.489254256943240762e-05 1.242069760337471962e-03 1.341827282885788009e-05 1.667439501034095883e-04 1.795128191588446498e-04 7.553544492111541331e-06 5.362609517760574818e-04 3.332539054099470377e-04 1.555553026264533401e-04 1.242069760337471962e-03 1.341827282885788009e-05 1.667439501034095883e-04 2.273546159267425537e-02
7.500000000000000000e+04 2.552614751039072871e-05 1.397024334437446669e-06 3.201342406100593507e-05 1.848354731919243932e-04 1.028297447192016989e-05 1.262279238289920613e-05 8.217666618293151259e-06 5.668985613738186657e-05 1.258389966096729040e-04 3.991138783021597192e-06 9.718099609017372131e-04 3.275498165749013424e-04 1.274465466849505901e-04 1.262279238289920613e-05 8.217666618293151259e-06 5.668985613738186657e-05 2.371856756508350372e-02
7.600000000000000000e+04 1.574847738083917648e-05 1.432251679034379777e-06 3.101075344602577388e-05 2.017414954025298357e-04 2.887004848162177950e-05 9.782448178157210350e-04 6.290409601206192747e-06 1.437747268937528133e-03 9.359619434690102935e-05 3.075397899010567926e-06 9.970662649720907211e-04 3.209125134162604809e-04 1.341615861747413874e-04 9.782448178157210350e-04 6.290409601206192747e-06 1.437747268937528133e-03 2.202435396611690521e-02
7.700000000000000000e+04 8.377926860703155398e-06 1.030947942126658745e-06 3.745641515706665814e-05 1.577675866428762674e-04 6.270538506214506924e-06 1.536254967504646629e-05 4.122121026739478111e-06 1.429865951649844646e-04 6.168283289298415184e-05 2.554173079261090606e-06 6.118144956417381763e-04 3.255409246776252985e-04 1.031447172863408923e-04 1.536254967504646629e-05 4.122121026739478111e-06 1.429865951649844646e-04 1.980323903262615204e-02
7.800000000000000000e+04 5.373628482630010694e-06 7.507261443606694229e-07 1.868375329650007188e-05 1.608794118510559201e-04 1.397774394717998803e-05 2.046938243438489735e-05 2.345768962186411954e-06 1.158806117018684745e-04 4.491235085879452527e-05 3.250453119107987732e-06 2.639031445141881704e-04 2.771751314867287874e-04 1.010185005725361407e-04 2.046938243438489735e-05 2.345768962186411954e-06 1.158806117018684745e-04 2.077644690871238708e-02
7.900000000000000000e+04 4.902378805127227679e-06 1.361864406135282479e-06 2.491769373591523618e-05 1.325920602539554238e-04 1.795492062228731811e-05 1.972180325537919998e-04 2.448259010634501465e-06 3.057811118196696043e-04 4.088100831722840667e-05 1.521362150924687739e-06 7.361004099948331714e-05 2.012290933635085821e-04 9.557668818160891533e-05 1.972180325537919998e-04 2.448259010634501465e-06 3.057811118196696043e-04 2.164706215262413025e-02
8.000000000000000000e+04 5.401131602411624044e-06 8.058598837124009151e-07 8.823376447253394872e-06 1.314996770815923810e-04 5.352725565899163485e-06 2.016170648857951164e-03 4.184415047348011285e-06 2.167106285924091935e-04 4.481427095015533268e-05 2.078516217807191424e-06 5.247592343948781490e-05 2.050739276455715299e-04 9.998752648243680596e-05 2.016170648857951164e-03 4.184415047348011285e-06 2.167106285924091935e-04 2.544661238789558411e-02
8.100000000000000000e+04 4.597022325469879434e-06 6.225120046110532712e-07 1.438744129700353369e-05 1.259706768905743957e-04 5.335643436410464346e-06 1.168777453131042421e-05 7.622192697454011068e-06 8.828438003547489643e-04 4.144110062043182552e-05 1.601552867214195430e-06 7.084757817210629582e-05 2.082384307868778706e-04 8.111193892545998096e-05 1.168777453131042421e-05 7.622192697454011068e-06 8.828438003547489643e-04 2.305044047534465790e-02
8.200000000000000000e+04 1.128742223954759538e-05 2.815514335452462547e-06 8.152022928697988391e-05 4.040861094836145639e-04 1.905286044348031282e-04 1.513633615104481578e-04 1.310806692345067859e-05 1.519143406767398119e-04 2.192389365518465638e-05 9.191761819238308817e-06 2.400136872893199325e-04 5.549144698306918144e-04 2.652788534760475159e-04 1.513633615104481578e-04 1.310806692345067859e-05 1.519143406767398119e-04 2.231957949697971344e-02
8.300000000000000000e+04 2.687780943233519793e-04 5.669812089763581753e-04 6.933443364687263966e-04 3.791525261476635933e-03 4.155017086304724216e-04 4.747233469970524311e-04 3.831286740023642778e-04 8.676328579895198345e-04 2.295650483574718237e-04 1.146654714830219746e-03 1.987760886549949646e-03 4.786105360835790634e-03 1.882025855593383312e-03 4.747233469970524311e-04 3.831286740023642778e-04 8.676328579895198345e-04 6.885480135679244995e-02
8.400000000000000000e+04 3.938581357942894101e-05 5.673595660482533276e-05 4.056958277942612767e-05 1.697536208666861057e-04 3.434164682403206825e-05 2.147347186109982431e-05 6.430139910662546754e-05 5.616831185761839151e-05 1.341935567324981093e-04 1.861390046542510390e-04 2.796691143885254860e-03 3.075540007557719946e-04 6.557250744663178921e-04 2.147347186109982431e-05 6.430139910662546754e-05 5.616831185761839151e-05 4.497078806161880493e-02
8.500000000000000000e+04 2.250331635877955705e-05 1.101997440855484456e-05 2.688152017071843147e-05 8.644369518151506782e-05 1.621654882910661399e-05 2.372160452068783343e-05 3.657430352177470922e-05 3.182936779921874404e-05 1.117018109653145075e-04 5.989458441035822034e-05 2.311716089025139809e-03 1.995578786591067910e-04 2.737755712587386370e-04 2.372160452068783343e-05 3.657430352177470922e-05 3.182936779921874404e-05 4.039373993873596191e-02
8.600000000000000000e+04 1.998705192818306386e-05 5.667471214110264555e-06 2.502889401512220502e-05 8.148355118464678526e-05 3.262431710027158260e-05 1.460546718590194359e-05 1.979655644390732050e-05 3.631933577707968652e-05 6.853287050034850836e-05 4.440230259206146002e-05 1.879272167570888996e-03 2.129981730831786990e-04 2.326423855265602469e-04 1.460546718590194359e-05 1.979655644390732050e-05 3.631933577707968652e-05 3.668702021241188049e-02
8.700000000000000000e+04 1.507146498624933884e-05 2.448040049785049632e-06 1.685270217421930283e-05 5.793013770016841590e-05 6.559449047927046195e-06 4.531739614321850240e-05 1.327740574197378010e-05 8.048990275710821152e-05 8.673811680637300014e-05 1.978557702386751771e-05 4.934048047289252281e-04 9.848937770584598184e-05 1.364525523968040943e-04 4.531739614321850240e-05 1.327740574197378010e-05 8.048990275710821152e-05 3.707849979400634766e-02
8.800000000000000000e+04 1.354286905552726239e-05 1.840623099269578233e-06 1.972547761397436261e-05 6.430821667890995741e-05 3.823753650067374110e-05 1.180853905680123717e-05 1.095972311304649338e-05 2.973301161546260118e-05 9.671395673649385571e-05 1.623521347937639803e-05 2.313882578164339066e-04 1.069443533197045326e-04 1.372547558275982738e-04 1.180853905680123717e-05 1.095972311304649338e-05 2.973301161546260118e-05 3.819445148110389709e-02
8.900000000000000000e+04 1.199873804580420256e-05 1.547466013107623439e-06 1.222106129716848955e-05 9.555287397233769298e-05 3.490081508061848581e-05 1.353709922113921493e-05 1.124989012168953195e-05 2.841819368768483400e-04 9.362561104353517294e-05 5.952224910288350657e-06 2.042928390437737107e-04 1.694071979727596045e-04 1.105231858673505485e-04 1.353709922113921493e-05 1.124989012168953195e-05 2.841819368768483400e-04 3.685121983289718628e-02
9.000000000000000000e+04 4.433250433066859841e-05 1.256789710168959573e-05 5.953634972684085369e-04 7.918286137282848358e-04 6.302737165242433548e-04 6.855508685111999512e-02 1.619369322725106031e-05 2.665119990706443787e-02 1.689225755399093032e-04 2.216818757005967200e-05 7.118949433788657188e-04 7.466048118658363819e-04 6.109091336838901043e-04 6.855508685111999512e-02 1.619369322725106031e-05 2.665119990706443787e-02 6.294015049934387207e-02
9.100000000000000000e+04 9.845832209975924343e-06 7.723434691797592677e-07 2.069898073386866599e-05 6.813400977989658713e-05 2.862311021090135910e-06 2.986767503898590803e-05 1.451049320166930556e-05 3.500569073366932571e-05 7.277792610693722963e-05 3.314548621347057633e-06 2.634909469634294510e-04 1.589528983458876610e-04 9.844727901509031653e-05 2.986767503898590803e-05 1.451049320166930556e-05 3.500569073366932571e-05 3.218284994363784790e-02
9.200000000000000000e+04 7.197470040409825742e-06 8.523335282006883062e-07 3.287598519818857312e-05 1.097758577088825405e-04 2.218094323325203732e-06 3.041622985620051622e-04 1.591297768754884601e-05 8.484161226078867912e-04 4.823429480893537402e-05 2.005533133342396468e-06 3.180196508765220642e-04 1.670181372901424766e-04 1.142426481237635016e-04 3.041622985620051622e-04 1.591297768754884601e-05 8.484161226078867912e-04 2.589616551995277405e-02
9.300000000000000000e+04 6.649346232734387740e-06 8.153513704201031942e-07 5.332879936759127304e-06 6.782524724258109927e-05 1.271265091418172233e-06 4.046262256451882422e-05 1.181825882667908445e-05 7.708858902333304286e-05 5.086306191515177488e-05 1.874862959994061384e-06 1.646213204367086291e-04 1.594697387190535665e-04 9.935342677636072040e-05 4.046262256451882422e-05 1.181825882667908445e-05 7.708858902333304286e-05 2.613617666065692902e-02
9.400000000000000000e+04 4.958866611559642479e-06 5.606357262877281755e-07 5.516018973139580339e-06 6.646022666245698929e-05 1.221909883497573901e-06 1.291216449317289516e-05 1.007886567094828933e-05 1.151461619883775711e-04 4.222351344651542604e-05 1.432019985259103123e-06 1.405516813974827528e-04 1.439795887563377619e-04 8.960095874499529600e-05 1.291216449317289516e-05 1.007886567094828933e-05 1.151461619883775711e-04 2.401547878980636597e-02
9.500000000000000000e+04 6.997678428888320923e-05 3.122119596810080111e-05 7.416976586682721972e-05 6.461843149736523628e-04 2.869563650165218860e-05 1.238176810147706419e-05 4.838408203795552254e-04 2.676261938177049160e-04 2.947157190646976233e-04 5.940443588769994676e-05 4.321047291159629822e-02 4.639041610062122345e-03 2.109126508003100753e-04 1.238176810147706419e-05 4.838408203795552254e-04 2.676261938177049160e-04 5.324333161115646362e-02
9.600000000000000000e+04 1.061430975823896006e-05 4.428245119925122708e-06 1.368586163152940571e-05 1.106033814721740782e-04 1.076314583769999444e-05 1.217866793012944981e-05 1.230720863532042131e-05 7.181827095337212086e-05 3.288158040959388018e-05 9.240506187779828906e-06 4.835681174881756306e-04 1.853880385169759393e-04 1.386407529935240746e-04 1.217866793012944981e-05 1.230720863532042131e-05 7.181827095337212086e-05 1.798012852668762207e-02
9.700000000000000000e+04 6.402662620530463755e-06 2.407263536952086724e-06 1.239728135260520503e-05 1.200292899738997221e-04 4.985851774108596146e-06 2.329201524844393134e-04 2.461493295413674787e-06 9.549666428938508034e-04 3.595206726458854973e-05 7.470840046153170988e-06 2.612151438370347023e-04 2.358397468924522400e-04 1.628307509236037731e-04 2.329201524844393134e-04 2.461493295413674787e-06 9.549666428938508034e-04 2.054400183260440826e-02
9.800000000000000000e+04 5.410262929217424244e-06 1.470917936785554048e-06 9.134303581959102303e-06 6.870648940093815327e-05 4.586911472870269790e-06 6.825266609666869044e-05 2.340214450669009238e-06 1.234634837601333857e-04 3.342546915519051254e-05 5.244379281066358089e-06 2.052722411463037133e-04 1.689794444246217608e-04 1.393595157423987985e-04 6.825266609666869044e-05 2.340214450669009238e-06 1.234634837601333857e-04 2.106823213398456573e-02
9.900000000000000000e+04 4.081968199898255989e-06 1.202673615807725582e-06 7.100637503754114732e-06 5.773729571956209838e-05 3.842581008939305320e-06 1.014686538837850094e-03 2.922027078966493718e-06 1.284026657231152058e-04 2.760593815764877945e-05 3.943804586015176028e-06 1.146985232480801642e-04 1.235793170053511858e-04 1.167377195088192821e-04 1.014686538837850094e-03 2.922027078966493718e-06 1.284026657231152058e-04 1.986151002347469330e-02
1.000000000000000000e+05 2.771527761069592088e-06 8.178124062396818772e-07 7.377632300631375983e-06 7.088716665748506784e-05 2.788879783111042343e-06 6.489918450824916363e-04 3.924003522115526721e-06 3.752399061340838671e-04 2.261499685118906200e-05 2.773222604446345940e-06 7.686045137234032154e-05 1.286503393203020096e-04 9.751297329785302281e-05 6.489918450824916363e-04 3.924003522115526721e-06 3.752399061340838671e-04 1.771106570959091187e-02
1.010000000000000000e+05 2.467378408255171962e-06 7.505888106607017107e-07 1.057448243955150247e-04 4.330146184656769037e-04 6.485753146989736706e-06 2.143824385711923242e-04 5.021756351197836921e-06 7.741773035377264023e-03 2.100408892147243023e-05 2.366952003285405226e-06 2.036539517575874925e-04 4.559846711345016956e-04 7.448610995197668672e-05 2.143824385711923242e-04 5.021756351197836921e-06 7.741773035377264023e-03 1.608102954924106598e-02
1.020000000000000000e+05 2.887611572077730671e-06 4.872986778536869679e-07 5.287592648528516293e-05 1.786400389391928911e-04 1.653427375458704773e-06 3.519297024467960000e-05 6.001984729664400220e-06 2.422240097075700760e-03 2.313615732418838888e-05 1.563613977850764059e-06 1.376191357849165797e-04 2.914931392297148705e-04 8.272351988125592470e-05 3.519297024467960000e-05 6.001984729664400220e-06 2.422240097075700760e-03 1.882068067789077759e-02
1.030000000000000000e+05 2.565727299952413887e-06 5.335562605068844277e-07 3.778428208534023724e-06 4.730623913928866386e-05 3.629671937233069912e-06 8.521712879883125424e-05 4.608203653333475813e-06 2.545960887800902128e-05 2.353609124838840216e-05 1.436680577171500772e-06 1.145503993029706180e-04 1.078630302799865603e-04 6.802491407142952085e-05 8.521712879883125424e-05 4.608203653333475813e-06 2.545960887800902128e-05 1.774107664823532104e-02
1.040000000000000000e+05 5.489905379363335669e-05 2.338390731893014163e-05 1.061622242559678853e-04 4.960925434716045856e-04 1.797014374460559338e-05 1.972305472008883953e-05 7.750630902592092752e-05 8.757827163208276033e-05 1.184003558591939509e-04 4.596614598995074630e-05 8.676093071699142456e-03 1.396283158101141453e-03 6.366607703967019916e-05 1.972305472008883953e-05 7.750630902592092752e-05 8.757827163208276033e-05 1.929515041410923004e-02
1.050000000000000000e+05 1.205273201776435599e-05 9.336508810520172119e-06 2.826945819833781570e-05 2.900565741583704948e-04 9.674846296547912061e-06 2.056668745353817940e-05 9.372500244353432208e-06 7.244681182783097029e-05 2.193030741182155907e-05 1.737666389090009034e-05 1.241750665940344334e-03 5.096861859783530235e-04 2.730651067395228893e-05 2.056668745353817940e-05 9.372500244353432208e-06 7.244681182783097029e-05 1.231175009161233902e-02
1.060000000000000000e+05 8.857748071022797376e-06 6.550264970428543165e-06 1.929853169713169336e-05 2.484425785951316357e-04 9.448728633287828416e-06 4.721631194115616381e-05 2.261890813315403648e-06 6.541336188092827797e-05 2.227324876002967358e-05 1.256681935046799481e-05 3.301045508123934269e-04 3.542876511346548796e-04 2.962865801237057894e-05 4.721631194115616381e-05 2.261890813315403648e-06 6.541336188092827797e-05 1.400526706129312515e-02
1.070000000000000000e+05 6.646876499871723354e-06 4.511181032285094261e-06 7.282429123733891174e-06 1.069857826223596931e-04 8.038166924961842597e-06 2.177885653509292752e-05 1.723939703879295848e-06 4.140593955526128411e-05 2.149250394722912461e-05 9.238944585376884788e-06 3.294493653811514378e-04 1.584591082064434886e-04 3.204730091965757310e-05 2.177885653509292752e-05 1.723939703879295848e-06 4.140593955526128411e-05 1.561999041587114334e-02
1.080000000000000000e+05 4.243071998644154519e-06 2.259699385831481777e-06 3.093823806921136566e-06 7.298517448361963034e-05 1.633526608202373609e-06 1.820004945329856128e-05 1.974080305444658734e-06 3.939590897061862051e-05 1.856211201811674982e-05 5.008611424273112789e-06 2.392976748524233699e-04 1.157351798610761762e-04 3.791618291870690882e-05 1.820004945329856128e-05 1.974080305444658734e-06 3.939590897061862051e-05 1.492324844002723694e-02
1.090000000000000000e+05 3.178071892762091011e-06 1.087524424292496406e-06 2.658623998286202550e-05 1.082146336557343602e-04 1.823946945478382986e-06 2.588772622402757406e-04 3.230334641557419673e-06 1.125521142967045307e-03 2.051428782579023391e-05 2.422379793642903678e-06 2.286960370838642120e-04 1.503944804426282644e-04 5.657680958393029869e-05 2.588772622402757406e-04 3.230334641557419673e-06 1.125521142967045307e-03 1.657778769731521606e-02
1.100000000000000000e+05 2.506991677364567295e-06 7.065702902764314786e-07 2.682930244191084057e-05 1.668716722633689642e-04 4.779727987624937668e-06 5.076484521850943565e-04 4.267883468855870888e-06 2.494945889338850975e-03 1.684723793005105108e-05 1.860727138591755647e-06 1.673453516559675336e-04 1.970601442735642195e-04 7.689800986554473639e-05 5.076484521850943565e-04 4.267883468855870888e-06 2.494945889338850975e-03 1.500477083027362823e-02
1.110000000000000000e+05 2.216778966612764634e-06 7.636326699866913259e-07 4.045116384077118710e-06 5.161044828128069639e-05 6.918405119904491585e-07 5.214635166339576244e-05 4.063273536303313449e-06 2.179040166083723307e-04 2.353061427129432559e-05 1.874036115623312071e-06 1.971640158444643021e-04 9.109832171816378832e-05 7.868363900342956185e-05 5.214635166339576244e-05 4.063273536303313449e-06 2.179040166083723307e-04 1.750737614929676056e-02
1.120000000000000000e+05 2.736763462962699123e-06 8.048368727031629533e-07 6.902150289533892646e-06 4.859601904172450304e-05 7.174904794737813063e-07 8.060118125285953283e-05 5.141564088262384757e-06 1.367379154544323683e-04 2.536485771997831762e-05 2.019472731262794696e-06 1.785661443136632442e-04 1.058329071383923292e-04 8.301799243781715631e-05 8.060118125285953283e-05 5.141564088262384757e-06 1.367379154544323683e-04 1.900193654000759125e-02
1.130000000000000000e+05 2.509086243662750348e-06 6.479904186562635005e-07 2.743108780123293400e-06 3.308277882752008736e-05 5.168857910575752612e-07 1.124678419728297740e-05 5.779992079624207690e-06 2.185577432101126760e-05 2.137021874659694731e-05 1.813573362596798688e-06 2.043269050773233175e-04 8.917854574974626303e-05 7.138240471249446273e-05 1.124678419728297740e-05 5.779992079624207690e-06 2.185577432101126760e-05 1.685802452266216278e-02
1.140000000000000000e+05 4.545325646176934242e-05 3.668880526674911380e-05 5.986561518511734903e-05 3.120932669844478369e-04 1.573006193211767823e-05 6.783581193303689361e-05 9.003053855849429965e-05 1.570997410453855991e-04 6.680494698230177164e-05 9.498879080638289452e-05 2.883411943912506104e-03 6.485960329882800579e-04 7.421751506626605988e-04 6.783581193303689361e-05 9.003053855849429965e-05 1.570997410453855991e-04 2.752973884344100952e-02
1.150000000000000000e+05 7.637127964699175209e-06 2.253303819088614546e-06 9.369451618113089353e-06 6.053773540770635009e-05 9.106951438297983259e-06 3.029489744221791625e-05 1.355389031232334673e-05 2.620542909426148981e-05 1.749458351696375757e-05 5.167113158677238971e-06 1.989020965993404388e-03 2.690874971449375153e-04 4.582760084304027259e-05 3.029489744221791625e-05 1.355389031232334673e-05 2.620542909426148981e-05 1.804352737963199615e-02
1.160000000000000000e+05 4.595922291628085077e-06 9.908499123412184417e-07 3.623078100645216182e-06 2.442076765873935074e-05 4.531320882961153984e-06 1.109758522943593562e-04 6.830672191426856443e-06 2.260957444377709180e-05 2.527893775550182909e-05 2.925475428128265776e-06 7.462421199306845665e-04 1.278135023312643170e-04 2.033054988714866340e-05 1.109758522943593562e-04 6.830672191426856443e-06 2.260957444377709180e-05 1.966469548642635345e-02
1.170000000000000000e+05 4.531373633653856814e-06 8.612006467956234701e-07 5.664220680046128109e-06 5.608102219412103295e-05 3.199293132638558745e-06 2.177296300942543894e-05 3.502818344713887200e-06 2.645695349201560020e-05 3.057657886529341340e-05 3.210889417459839024e-06 4.860841145273298025e-04 1.468865229981020093e-04 3.749396637431345880e-05 2.177296300942543894e-05 3.502818344713887200e-06 2.645695349201560020e-05 2.082502655684947968e-02
1.180000000000000000e+05 3.685879619297338650e-06 5.318382818586542271e-07 7.521055977122159675e-06 1.062154915416613221e-04 5.967473498458275571e-06 9.590086119715124369e-05 4.443703801371157169e-06 1.447925227694213390e-03 2.859733649529516697e-05 2.437184093651012518e-06 4.758553404826670885e-04 1.919365022331476212e-04 2.839919579855632037e-05 9.590086119715124369e-05 4.443703801371157169e-06 1.447925227694213390e-03 2.004079148173332214e-02
1.190000000000000000e+05 3.250071131333243102e-06 5.650517209687677678e-07 1.523087667010258883e-05 3.708226358867250383e-05 1.252732772627496161e-06 1.272624649573117495e-05 4.857185558648779988e-06 4.134137270739302039e-05 2.546577343309763819e-05 2.457167283864691854e-06 4.572247271426022053e-04 1.225505402544513345e-04 2.511871753085870296e-05 1.272624649573117495e-05 4.857185558648779988e-06 4.134137270739302039e-05 1.854060217738151550e-02
1.200000000000000000e+05 3.933444986614631489e-06 6.184028507050243206e-07 5.403748673415975645e-06 4.218038156977854669e-05 7.203744303296844009e-07 1.885387246147729456e-05 5.025015070714289322e-06 4.884352529188618064e-05 3.278511940152384341e-05 2.258018412248929963e-06 4.373736155685037374e-04 1.334113185293972492e-04 3.023875251528806984e-05 1.885387246147729456e-05 5.025015070714289322e-06 4.884352529188618064e-05 2.146725356578826904e-02
1.210000000000000000e+05 3.632271273090736941e-06 1.093975811272684950e-06 1.935606815095525235e-05 3.876047776429913938e-05 3.213571835658513010e-05 4.906816873699426651e-03 5.927272468397859484e-06 7.360416930168867111e-04 3.124099748674780130e-05 1.831364215831854381e-06 4.304899193812161684e-04 1.248169864993542433e-04 5.776023681391961873e-05 4.906816873699426651e-03 5.927272468397859484e-06 7.360416930168867111e-04 2.032589539885520935e-02
1.220000000000000000e+05 3.537325483193853870e-06 2.702247911656741053e-06 6.294291961239650846e-05 5.891341716051101685e-04 1.003262368612922728e-04 3.289385885000228882e-02 2.703718018892686814e-05 3.156408201903104782e-03 2.805344774969853461e-05 3.133566679025534540e-06 4.447040555533021688e-04 7.060244679450988770e-04 1.347457728115841746e-04 3.289385885000228882e-02 2.703718018892686814e-05 3.156408201903104782e-03 2.029683999717235565e-02
