# step, loss_train, loss_test, metrics_test
0.000000000000000000e+00 3.923337757587432861e-01 3.999139368534088135e-01 4.733308593750000000e+03 2.472610950469970703e+00 2.396957635879516602e+00 3.110847663879394531e+01 4.162753105163574219e+00 4.518473446369171143e-01 3.981475830078125000e-01 4.724985351562500000e+03 2.378416061401367188e+00 2.284231424331665039e+00 3.110847663879394531e+01 4.162753105163574219e+00 6.370966136455535889e-02
1.000000000000000000e+03 1.056270837783813477e+00 3.063053488731384277e-01 5.921978354454040527e-01 8.933247625827789307e-02 7.810528874397277832e-01 9.851496696472167969e+00 3.492401912808418274e-02 1.708994150161743164e+00 5.799636840820312500e-01 7.111976146697998047e+00 1.845530867576599121e-01 1.828372240066528320e+00 9.851496696472167969e+00 3.492401912808418274e-02 3.488015010952949524e-02
2.000000000000000000e+03 3.187093138694763184e-01 1.137472391128540039e-01 2.043693512678146362e-01 6.065322831273078918e-02 2.865631878376007080e-01 3.450360774993896484e+00 1.570280082523822784e-02 8.414714336395263672e-01 3.176823854446411133e-01 5.134829521179199219e+00 2.026213854551315308e-01 6.955855488777160645e-01 3.450360774993896484e+00 1.570280082523822784e-02 2.033536881208419800e-02
3.000000000000000000e+03 1.375534534454345703e-01 5.163656175136566162e-02 8.346439898014068604e-02 3.007222898304462433e-02 1.358116418123245239e-01 1.263752698898315430e+00 1.158335525542497635e-02 5.119541287422180176e-01 1.852286607027053833e-01 7.332174777984619141e+00 6.326909661293029785e-01 7.892834544181823730e-01 1.263752698898315430e+00 1.158335525542497635e-02 1.280664373189210892e-02
4.000000000000000000e+03 6.947007775306701660e-02 2.279742434620857239e-02 5.162958055734634399e-02 2.330633625388145447e-02 1.068740338087081909e-01 4.049874246120452881e-01 1.896546967327594757e-02 4.037742018699645996e-01 6.943512707948684692e-02 3.071066474914550781e+01 2.910351276397705078e+00 2.828014135360717773e+00 4.049874246120452881e-01 1.896546967327594757e-02 8.960988372564315796e-03
5.000000000000000000e+03 4.127855598926544189e-02 1.904979720711708069e-02 3.397238254547119141e-02 1.475566625595092773e-02 9.679678827524185181e-02 1.246826276183128357e-01 2.095923945307731628e-02 2.780171334743499756e-01 5.210457742214202881e-02 6.716303253173828125e+01 7.052848339080810547e+00 3.919294357299804688e+00 1.246826276183128357e-01 2.095923945307731628e-02 8.051433600485324860e-03
6.000000000000000000e+03 2.707992494106292725e-02 1.510268077254295349e-02 2.548050135374069214e-02 1.036314480006694794e-02 7.875371724367141724e-02 4.614232107996940613e-02 1.624643616378307343e-02 1.762620806694030762e-01 4.786194488406181335e-02 8.748202514648437500e+01 1.000284957885742188e+01 3.205800771713256836e+00 4.614232107996940613e-02 1.624643616378307343e-02 8.267906494438648224e-03
7.000000000000000000e+03 1.736194826662540436e-02 1.135687809437513351e-02 1.961920782923698425e-02 7.718883454799652100e-03 5.770819634199142456e-02 2.506763115525245667e-02 9.322802536189556122e-03 1.294133365154266357e-01 5.866983532905578613e-02 9.068470764160156250e+01 1.117523384094238281e+01 1.901454091072082520e+00 2.506763115525245667e-02 9.322802536189556122e-03 8.173052221536636353e-03
8.000000000000000000e+03 1.285321917384862900e-02 7.197133265435695648e-03 1.268227212131023407e-02 6.218116264790296555e-03 3.868164494633674622e-02 1.612776145339012146e-02 4.456545691937208176e-03 1.221362128853797913e-01 6.443496793508529663e-02 9.117398834228515625e+01 1.257648563385009766e+01 7.053081989288330078e-01 1.612776145339012146e-02 4.456545691937208176e-03 7.696981076151132584e-03
9.000000000000000000e+03 9.757511317729949951e-03 4.798587411642074585e-03 8.694312535226345062e-03 5.298370029777288437e-03 3.144251182675361633e-02 1.289624627679586411e-02 2.858340973034501076e-03 1.184457466006278992e-01 6.663705408573150635e-02 8.726120758056640625e+01 1.277806568145751953e+01 4.735153615474700928e-01 1.289624627679586411e-02 2.858340973034501076e-03 7.004765793681144714e-03
1.000000000000000000e+04 7.418551482260227203e-03 3.837561002001166344e-03 6.413345225155353546e-03 4.126973450183868408e-03 3.048864379525184631e-02 1.138855423778295517e-02 2.458245959132909775e-03 1.274573653936386108e-01 6.618063151836395264e-02 8.009501647949218750e+01 1.198302745819091797e+01 4.315086901187896729e-01 1.138855423778295517e-02 2.458245959132909775e-03 6.314520258456468582e-03
1.100000000000000000e+04 6.244829390197992325e-03 3.641366958618164062e-03 5.043003242462873459e-03 3.149321535602211952e-03 2.602414600551128387e-02 9.923734702169895172e-03 1.912969746626913548e-03 1.292474567890167236e-01 7.784420996904373169e-02 7.362142181396484375e+01 1.139059925079345703e+01 3.891500830650329590e-01 9.923734702169895172e-03 1.912969746626913548e-03 5.691349506378173828e-03
1.200000000000000000e+04 5.360733252018690109e-03 3.339880146086215973e-03 4.364973399788141251e-03 6.752865388989448547e-03 1.967827044427394867e-02 8.431973867118358612e-03 1.989370211958885193e-03 1.306808292865753174e-01 9.947273880243301392e-02 6.705319976806640625e+01 1.060335540771484375e+01 3.382341265678405762e-01 8.431973867118358612e-03 1.989370211958885193e-03 5.533529445528984070e-03
1.300000000000000000e+04 5.491350311785936356e-03 3.768230555579066277e-03 3.265345934778451920e-03 2.380128251388669014e-03 2.567521482706069946e-02 8.312446996569633484e-03 2.498221118003129959e-03 1.347002089023590088e-01 8.314363658428192139e-02 5.736528778076171875e+01 8.748830795288085938e+00 3.792800307273864746e-01 8.312446996569633484e-03 2.498221118003129959e-03 5.158672574907541275e-03
1.400000000000000000e+04 4.423611797392368317e-03 3.050240222364664078e-03 3.073708852753043175e-03 2.571769990026950836e-03 1.656149886548519135e-02 6.877296604216098785e-03 1.169874332845211029e-03 1.421051919460296631e-01 1.207940503954887390e-01 5.573754882812500000e+01 9.244940757751464844e+00 2.677961587905883789e-01 6.877296604216098785e-03 1.169874332845211029e-03 5.124348215758800507e-03
1.500000000000000000e+04 3.845714731141924858e-03 2.747300546616315842e-03 3.450304735451936722e-03 2.439900301396846771e-03 1.238833181560039520e-02 6.033368874341249466e-03 9.706337586976587772e-04 1.562910825014114380e-01 1.690512448549270630e-01 4.997123718261718750e+01 8.379077911376953125e+00 2.497871816158294678e-01 6.033368874341249466e-03 9.706337586976587772e-04 5.262838210910558701e-03
1.600000000000000000e+04 3.499107668176293373e-03 2.516073873266577721e-03 3.526187501847743988e-03 2.394383540377020836e-03 9.828029200434684753e-03 5.213343072682619095e-03 7.983282557688653469e-04 1.553447991609573364e-01 2.028707116842269897e-01 4.352533340454101562e+01 7.281679630279541016e+00 2.285752445459365845e-01 5.213343072682619095e-03 7.983282557688653469e-04 5.190709605813026428e-03
1.700000000000000000e+04 3.453379729762673378e-03 2.089676214382052422e-03 2.609607297927141190e-03 2.132883528247475624e-03 9.915715083479881287e-03 4.677486140280961990e-03 7.518820348195731640e-04 1.379115730524063110e-01 1.888076364994049072e-01 3.776892852783203125e+01 6.330235958099365234e+00 2.058442085981369019e-01 4.677486140280961990e-03 7.518820348195731640e-04 4.925338085740804672e-03
1.800000000000000000e+04 3.136329585686326027e-03 2.157653216272592545e-03 1.240591052919626236e-02 3.513099160045385361e-03 7.914454676210880280e-03 3.847734304144978523e-03 7.479217019863426685e-04 1.365460902452468872e-01 2.391169667243957520e-01 3.400016021728515625e+01 5.704095840454101562e+00 1.930788308382034302e-01 3.847734304144978523e-03 7.479217019863426685e-04 5.035026930272579193e-03
1.900000000000000000e+04 2.695722505450248718e-03 1.637290231883525848e-03 2.902017440646886826e-03 1.838892931118607521e-03 6.754177622497081757e-03 3.645119257271289825e-03 5.517320823855698109e-04 1.301055848598480225e-01 2.424378395080566406e-01 2.974139976501464844e+01 5.057908058166503906e+00 1.796697974205017090e-01 3.645119257271289825e-03 5.517320823855698109e-04 4.967113956809043884e-03
2.000000000000000000e+04 2.510266844183206558e-03 1.568748964928090572e-03 8.975965902209281921e-03 3.321520052850246429e-03 5.838754121214151382e-03 3.313118824735283852e-03 4.546991549432277679e-04 1.252459287643432617e-01 2.409484535455703735e-01 2.585649681091308594e+01 4.492260932922363281e+00 1.846308261156082153e-01 3.313118824735283852e-03 4.546991549432277679e-04 4.872742109000682831e-03
2.100000000000000000e+04 4.750418011099100113e-03 6.221708375960588455e-03 3.889335319399833679e-03 4.789674188941717148e-03 2.264979481697082520e-02 3.918456844985485077e-03 3.292856970801949501e-03 1.395408958196640015e-01 2.387799024581909180e-01 2.532980728149414062e+01 3.871615409851074219e+00 5.355229377746582031e-01 3.918456844985485077e-03 3.292856970801949501e-03 5.380428861826658249e-03
2.200000000000000000e+04 2.443389967083930969e-03 1.934489700943231583e-03 2.983607351779937744e-03 2.815979067236185074e-03 8.737617172300815582e-03 3.035221714526414871e-03 7.362719625234603882e-04 1.241227239370346069e-01 1.376200765371322632e-01 2.426642417907714844e+01 4.113413333892822266e+00 7.911489158868789673e-02 3.035221714526414871e-03 7.362719625234603882e-04 4.390000831335783005e-03
2.300000000000000000e+04 1.976481871679425240e-03 1.441032276488840580e-03 2.800557762384414673e-03 1.952271442860364914e-03 6.135223899036645889e-03 2.531091216951608658e-03 4.353885306045413017e-04 1.272840201854705811e-01 1.700761616230010986e-01 2.173009872436523438e+01 3.819522857666015625e+00 7.154732197523117065e-02 2.531091216951608658e-03 4.353885306045413017e-04 4.467120859771966934e-03
2.400000000000000000e+04 1.767655019648373127e-03 1.363864517770707607e-03 2.144411439076066017e-03 1.634540385566651821e-03 4.657662007957696915e-03 2.249570796266198158e-03 3.215492470189929008e-04 1.368047595024108887e-01 1.910762190818786621e-01 1.923505020141601562e+01 3.452494144439697266e+00 7.810525596141815186e-02 2.249570796266198158e-03 3.215492470189929008e-04 4.576794337481260300e-03
2.500000000000000000e+04 1.654199324548244476e-03 1.201613689772784710e-03 4.549491684883832932e-03 3.991657402366399765e-03 3.839416662231087685e-03 2.061599865555763245e-03 4.346559871919453144e-04 1.414510160684585571e-01 1.761236488819122314e-01 1.698712539672851562e+01 2.999992370605468750e+00 8.041808009147644043e-02 2.061599865555763245e-03 4.346559871919453144e-04 4.418228752911090851e-03
2.600000000000000000e+04 3.734247991815209389e-03 3.526980523020029068e-03 1.850891858339309692e-01 9.729269146919250488e-02 6.139013450592756271e-03 2.510498510673642159e-03 8.873189799487590790e-04 1.463752835988998413e-01 1.748692095279693604e-01 1.499687290191650391e+01 2.692886352539062500e+00 9.633905440568923950e-02 2.510498510673642159e-03 8.873189799487590790e-04 4.718372598290443420e-03
2.700000000000000000e+04 1.430503092706203461e-03 1.061502494849264622e-03 2.088619209825992584e-02 8.148495107889175415e-03 3.102954011410474777e-03 1.404971582815051079e-03 2.074198418995365500e-04 1.249984353780746460e-01 1.452563405036926270e-01 1.324315261840820312e+01 2.379201889038085938e+00 8.058754354715347290e-02 1.404971582815051079e-03 2.074198418995365500e-04 3.974075894802808762e-03
2.800000000000000000e+04 2.771384548395872116e-03 1.678576925769448280e-03 1.361924111843109131e-01 4.284876212477684021e-02 3.743241308256983757e-03 2.076895674690604210e-03 4.181575786788016558e-04 1.118730455636978149e-01 1.311635076999664307e-01 1.148571109771728516e+01 2.080231904983520508e+00 8.177240937948226929e-02 2.076895674690604210e-03 4.181575786788016558e-04 4.000915214419364929e-03
2.900000000000000000e+04 1.060619018971920013e-03 8.384316461160778999e-04 8.700899779796600342e-03 2.549915574491024017e-03 2.265228657051920891e-03 1.105247531086206436e-03 1.544200495118275285e-04 9.056732058525085449e-02 1.080217286944389343e-01 1.052450084686279297e+01 1.925968289375305176e+00 5.923633277416229248e-02 1.105247531086206436e-03 1.544200495118275285e-04 3.445500740781426430e-03
3.000000000000000000e+04 1.014286302961409092e-03 7.790255476720631123e-04 1.589491590857505798e-02 5.138887092471122742e-03 1.881610951386392117e-03 9.575498988851904869e-04 1.069381250999867916e-04 7.520879805088043213e-02 9.004519134759902954e-02 9.321068763732910156e+00 1.720624566078186035e+00 5.578977987170219421e-02 9.575498988851904869e-04 1.069381250999867916e-04 3.218526951968669891e-03
3.100000000000000000e+04 1.675792853347957134e-03 1.172908931039273739e-03 1.000544354319572449e-01 2.302274107933044434e-02 2.955422271043062210e-03 8.571966900490224361e-04 8.707265078555792570e-05 6.359740346670150757e-02 7.044748216867446899e-02 8.631393432617187500e+00 1.584202527999877930e+00 4.753679037094116211e-02 8.571966900490224361e-04 8.707265078555792570e-05 2.977058291435241699e-03
