# step, loss_train, loss_test, metrics_test
0.000000000000000000e+00 2.565430641174316406e+00 3.863842785358428955e-02 1.937265400000000000e+07 2.157663250000000000e+06 1.250173359375000000e+05 4.575738830566406250e+02 3.293961600000000000e+07 2.467300000000000000e+07 4.698105335235595703e+00 1.690904945135116577e-01 3.395685600000000000e+07 3.775306000000000000e+06 1.047647500000000000e+06 4.575738830566406250e+02 3.293961600000000000e+07 2.467300000000000000e+07 1.098255157470703125e+01
1.000000000000000000e+03 9.301717579364776611e-02 2.004850149154663086e+00 1.139411067962646484e+01 4.153169631958007812e+00 1.160020351409912109e+01 8.473793277516961098e-04 1.998578262329101562e+01 2.788824462890625000e+01 4.932003915309906006e-01 2.526632547378540039e+00 1.922109130859375000e+03 2.068347625732421875e+02 8.744771728515625000e+02 8.473793277516961098e-04 1.998578262329101562e+01 2.788824462890625000e+01 4.662988662719726562e+00
2.000000000000000000e+03 1.189647838473320007e-01 4.765608906745910645e-01 6.008603572845458984e+00 1.717169165611267090e+00 6.480867862701416016e+00 1.175290788523852825e-03 7.919585704803466797e+00 1.032175350189208984e+01 6.944146156311035156e-01 6.534419059753417969e-01 1.039938720703125000e+03 1.080811233520507812e+02 2.191006927490234375e+02 1.175290788523852825e-03 7.919585704803466797e+00 1.032175350189208984e+01 3.448010921478271484e+00
3.000000000000000000e+03 1.107921078801155090e-01 6.117615103721618652e-02 5.955154895782470703e+00 1.226221919059753418e+00 2.807713508605957031e+00 4.720004217233508825e-04 4.021398544311523438e+00 5.078042507171630859e+00 6.506811976432800293e-01 9.412938356399536133e-02 5.385866699218750000e+02 5.468639755249023438e+01 6.485433197021484375e+01 4.720004217233508825e-04 4.021398544311523438e+00 5.078042507171630859e+00 2.622117042541503906e+00
4.000000000000000000e+03 8.502760529518127441e-02 1.521988492459058762e-02 3.528221607208251953e+00 8.531193137168884277e-01 1.516603469848632812e+00 2.968891931232064962e-04 2.990028381347656250e+00 3.723133802413940430e+00 5.036953091621398926e-01 3.126916289329528809e-02 1.957435150146484375e+02 1.993852806091308594e+01 3.080440902709960938e+01 2.968891931232064962e-04 2.990028381347656250e+00 3.723133802413940430e+00 2.134289264678955078e+00
5.000000000000000000e+03 4.365097731351852417e-02 2.635228261351585388e-02 4.510251998901367188e+00 5.778211951255798340e-01 8.120893836021423340e-01 3.124089562334120274e-04 2.486221790313720703e+00 3.037184715270996094e+00 3.463365137577056885e-01 6.905967742204666138e-02 2.917271118164062500e+02 3.046566200256347656e+01 2.519468688964843750e+01 3.124089562334120274e-04 2.486221790313720703e+00 3.037184715270996094e+00 2.039734125137329102e+00
6.000000000000000000e+03 7.387968152761459351e-02 4.497426748275756836e-02 1.252201652526855469e+01 1.556562185287475586e+00 1.097781777381896973e+00 1.585153746418654919e-03 1.586963939666748047e+01 2.013888359069824219e+01 2.888051569461822510e-01 2.600985169410705566e-01 4.369272460937500000e+02 4.856393814086914062e+01 2.864425354003906250e+02 1.585153746418654919e-03 1.586963939666748047e+01 2.013888359069824219e+01 2.790556430816650391e+00
7.000000000000000000e+03 1.886714249849319458e-02 4.720465093851089478e-02 3.082283258438110352e+00 2.753392755985260010e-01 2.696797251701354980e-01 6.059927400201559067e-04 1.039333462715148926e+00 2.366487741470336914e+00 1.657660305500030518e-01 1.067648530006408691e-01 9.728830718994140625e+01 1.116378879547119141e+01 1.015157508850097656e+01 6.059927400201559067e-04 1.039333462715148926e+00 2.366487741470336914e+00 1.589981436729431152e+00
8.000000000000000000e+03 1.679997704923152924e-02 1.279821712523698807e-02 4.899977743625640869e-01 1.868762522935867310e-01 2.044799625873565674e-01 4.334208279033191502e-05 9.620758295059204102e-01 4.146001338958740234e+00 1.452465504407882690e-01 4.197812452912330627e-02 4.387765502929687500e+01 5.652910709381103516e+00 1.121807956695556641e+01 4.334208279033191502e-05 9.620758295059204102e-01 4.146001338958740234e+00 1.473183631896972656e+00
9.000000000000000000e+03 1.496434491127729416e-02 1.111229136586189270e-02 4.711833596229553223e-01 2.726080715656280518e-01 1.878654062747955322e-01 3.400453715585172176e-04 4.764385223388671875e-01 2.867092847824096680e+00 1.193252876400947571e-01 3.584238514304161072e-02 9.382155609130859375e+01 1.152160167694091797e+01 6.538499832153320312e+00 3.400453715585172176e-04 4.764385223388671875e-01 2.867092847824096680e+00 1.375320792198181152e+00
1.000000000000000000e+04 1.251705829054117203e-02 8.924667723476886749e-03 2.789336681365966797e+00 2.845829427242279053e-01 4.091381281614303589e-02 7.601439720019698143e-04 6.139515042304992676e-01 1.846962451934814453e+00 1.079784631729125977e-01 2.053191140294075012e-02 2.360765266418457031e+01 3.297406196594238281e+00 3.062196493148803711e+00 7.601439720019698143e-04 6.139515042304992676e-01 1.846962451934814453e+00 1.181466102600097656e+00
1.100000000000000000e+04 1.259119808673858643e-02 6.314267870038747787e-03 2.095901817083358765e-01 2.301563769578933716e-01 6.298094987869262695e-02 7.134440238587558270e-04 9.626866877079010010e-02 1.804825067520141602e+00 1.066865697503089905e-01 1.759542897343635559e-02 1.267527389526367188e+01 2.352628231048583984e+00 1.492186665534973145e+00 7.134440238587558270e-04 9.626866877079010010e-02 1.804825067520141602e+00 1.165972113609313965e+00
1.200000000000000000e+04 1.226434949785470963e-02 3.536384552717208862e-03 2.540826797485351562e-01 2.095618546009063721e-01 5.364675447344779968e-02 2.397423522779718041e-04 3.010376095771789551e-01 1.759336352348327637e+00 1.026863381266593933e-01 7.594353985041379929e-03 1.192112445831298828e+01 2.244839191436767578e+00 6.616795063018798828e-01 2.397423522779718041e-04 3.010376095771789551e-01 1.759336352348327637e+00 1.127333402633666992e+00
1.300000000000000000e+04 1.512363646179437637e-02 2.249183831736445427e-03 1.175555214285850525e-01 1.563519388437271118e-01 2.780643105506896973e-02 1.459590566810220480e-04 7.335599064826965332e-01 1.883700489997863770e+00 1.153448447585105896e-01 5.442182067781686783e-03 4.887432098388671875e+00 1.211804866790771484e+00 8.014638423919677734e-01 1.459590566810220480e-04 7.335599064826965332e-01 1.883700489997863770e+00 1.092691421508789062e+00
1.400000000000000000e+04 2.487834356725215912e-02 9.969307109713554382e-03 7.750474548339843750e+01 3.215615272521972656e+00 2.230068603515625000e+03 1.069159126281738281e+01 1.752144927978515625e+02 5.057008361816406250e+02 1.598960161209106445e-01 2.669720165431499481e-02 8.826778411865234375e+01 3.094834327697753906e+00 2.621105957031250000e+03 1.069159126281738281e+01 1.752144927978515625e+02 5.057008361816406250e+02 1.813249588012695312e+00
1.500000000000000000e+04 5.118640884757041931e-02 3.109823167324066162e-02 1.607870101928710938e+00 5.252757072448730469e-01 5.100495815277099609e+00 1.934530399739742279e-02 2.927335500717163086e-01 3.229411840438842773e+00 9.837358444929122925e-02 4.843601211905479431e-02 8.193491935729980469e+00 8.851873874664306641e-01 7.723887443542480469e+00 1.934530399739742279e-02 2.927335500717163086e-01 3.229411840438842773e+00 1.192587137222290039e+00
1.600000000000000000e+04 4.392361640930175781e-02 4.680169746279716492e-03 3.104991018772125244e-01 2.522502243518829346e-01 1.217728018760681152e+00 3.734951140359044075e-03 2.273774445056915283e-01 2.111902236938476562e+00 9.161170572042465210e-02 8.110565133392810822e-03 7.474909782409667969e+00 7.880107164382934570e-01 1.612364053726196289e+00 3.734951140359044075e-03 2.273774445056915283e-01 2.111902236938476562e+00 1.065768480300903320e+00
1.700000000000000000e+04 3.277252987027168274e-02 5.719739710912108421e-04 1.953198760747909546e-01 1.930004805326461792e-01 1.846192926168441772e-01 6.033469690009951591e-04 2.048632353544235229e-01 1.885725855827331543e+00 7.770113646984100342e-02 1.315704896114766598e-03 3.482278108596801758e+00 5.521940588951110840e-01 3.827309608459472656e-01 6.033469690009951591e-04 2.048632353544235229e-01 1.885725855827331543e+00 1.024813652038574219e+00
1.800000000000000000e+04 2.111263945698738098e-02 3.901521849911659956e-04 1.744903475046157837e-01 2.418835461139678955e-01 4.793891683220863342e-02 7.875032606534659863e-04 1.319611519575119019e-01 1.890153765678405762e+00 6.400152295827865601e-02 7.572377217002213001e-04 6.419839859008789062e+00 1.102731466293334961e+00 4.526791274547576904e-01 7.875032606534659863e-04 1.319611519575119019e-01 1.890153765678405762e+00 1.004411458969116211e+00
1.900000000000000000e+04 1.327738352119922638e-02 2.277364110341295600e-04 9.482160955667495728e-02 1.835541278123855591e-01 3.443250060081481934e-02 6.364447763189673424e-04 3.049015402793884277e-01 2.043594360351562500e+00 5.647767335176467896e-02 4.356808494776487350e-04 7.015030860900878906e+00 1.155954480171203613e+00 4.441611170768737793e-01 6.364447763189673424e-04 3.049015402793884277e-01 2.043594360351562500e+00 9.755109548568725586e-01
2.000000000000000000e+04 4.708517808467149734e-03 5.871565081179141998e-03 9.895472526550292969e-01 7.980203628540039062e-01 3.089846968650817871e-01 1.370541751384735107e-03 2.838243722915649414e+00 3.433326959609985352e+00 3.192057460546493530e-02 6.019019056111574173e-03 3.665424728393554688e+01 2.624964237213134766e+00 5.081974029541015625e+00 1.370541751384735107e-03 2.838243722915649414e+00 3.433326959609985352e+00 7.869437932968139648e-01
2.100000000000000000e+04 8.871778845787048340e-03 1.701455330476164818e-04 7.309307157993316650e-02 2.007056027650833130e-01 1.941864751279354095e-02 3.111346159130334854e-04 1.381071507930755615e-01 1.771700263023376465e+00 5.680413544178009033e-02 1.525332045275717974e-04 7.556160926818847656e+00 1.294757962226867676e+00 3.955562710762023926e-01 3.111346159130334854e-04 1.381071507930755615e-01 1.771700263023376465e+00 9.561742544174194336e-01
2.200000000000000000e+04 8.621846325695514679e-03 1.970515731954947114e-04 2.834039211273193359e+00 6.903845071792602539e-01 6.942028552293777466e-02 3.048070902877952904e-05 1.130323171615600586e+00 1.823422431945800781e+00 6.786599755287170410e-02 1.954756880877539515e-04 9.430681228637695312e+00 1.653593659400939941e+00 3.405031263828277588e-01 3.048070902877952904e-05 1.130323171615600586e+00 1.823422431945800781e+00 9.613214135169982910e-01
2.300000000000000000e+04 9.461862966418266296e-03 1.831007830332964659e-04 4.716355353593826294e-02 1.233864203095436096e-01 1.324913464486598969e-02 1.797735341824591160e-03 1.544449329376220703e-01 1.891169190406799316e+00 7.799185067415237427e-02 2.122308651451021433e-04 5.383164405822753906e+00 1.083671808242797852e+00 2.005686312913894653e-01 1.797735341824591160e-03 1.544449329376220703e-01 1.891169190406799316e+00 9.703739285469055176e-01
2.400000000000000000e+04 9.416201151907444000e-03 1.420360640622675419e-04 4.317652881145477295e-01 6.088031455874443054e-02 4.979455843567848206e-02 5.803041160106658936e-03 5.050604343414306641e-01 1.913356184959411621e+00 7.828782498836517334e-02 2.077098324662074447e-04 6.433333873748779297e+00 1.190668582916259766e+00 1.752411872148513794e-01 5.803041160106658936e-03 5.050604343414306641e-01 1.913356184959411621e+00 9.603571891784667969e-01
2.500000000000000000e+04 1.343828160315752029e-02 1.427375245839357376e-04 3.896883726119995117e-01 1.894158869981765747e-01 2.734282985329627991e-02 4.353008698672056198e-03 1.240783706307411194e-01 1.750432372093200684e+00 1.004863977432250977e-01 2.074751828331500292e-04 3.979354619979858398e+00 1.088609814643859863e+00 1.285898387432098389e-01 4.353008698672056198e-03 1.240783706307411194e-01 1.750432372093200684e+00 1.010776638984680176e+00
2.600000000000000000e+04 1.554477401077747345e-02 1.375750289298593998e-04 1.908363401889801025e-02 1.423054635524749756e-01 1.756557077169418335e-01 7.819501683115959167e-03 5.581900477409362793e-01 1.817090272903442383e+00 1.084054633975028992e-01 1.713398960418999195e-04 5.996847152709960938e+00 1.422991752624511719e+00 4.083216786384582520e-01 7.819501683115959167e-03 5.581900477409362793e-01 1.817090272903442383e+00 1.021200656890869141e+00
2.700000000000000000e+04 3.853102028369903564e-02 7.400781847536563873e-03 2.015656977891921997e-01 1.335857510566711426e+00 2.487207762897014618e-02 5.232043098658323288e-03 3.760817348957061768e-01 1.838232636451721191e+00 4.622289165854454041e-02 1.648693718016147614e-02 4.203638076782226562e+01 3.200480461120605469e+00 3.671525716781616211e+00 5.232043098658323288e-03 3.760817348957061768e-01 1.838232636451721191e+00 1.145696640014648438e+00
2.800000000000000000e+04 7.754777092486619949e-03 3.221016377210617065e-03 6.060769781470298767e-02 4.603404104709625244e-01 3.789441660046577454e-02 9.352464694529771805e-04 2.825085520744323730e-01 1.723623752593994141e+00 1.524699013680219650e-02 8.324132300913333893e-03 9.613693237304687500e+00 9.192283153533935547e-01 6.242524385452270508e-01 9.352464694529771805e-04 2.825085520744323730e-01 1.723623752593994141e+00 6.586422324180603027e-01
2.900000000000000000e+04 8.507372811436653137e-03 1.704750000499188900e-03 6.205753982067108154e-02 3.742849528789520264e-01 1.943845488131046295e-02 7.338075083680450916e-04 1.490043401718139648e-01 1.757973909378051758e+00 1.870136708021163940e-02 4.523396026343107224e-03 3.017035484313964844e+00 6.710427403450012207e-01 3.972994089126586914e-01 7.338075083680450916e-04 1.490043401718139648e-01 1.757973909378051758e+00 7.133864760398864746e-01
3.000000000000000000e+04 8.547443896532058716e-03 1.403460744768381119e-03 4.371613264083862305e-02 3.398085832595825195e-01 1.286870241165161133e-02 9.909250074997544289e-04 1.511522680521011353e-01 1.740805745124816895e+00 2.330926060676574707e-02 3.591115586459636688e-03 2.988514661788940430e+00 7.788348197937011719e-01 3.966050148010253906e-01 9.909250074997544289e-04 1.511522680521011353e-01 1.740805745124816895e+00 7.718606591224670410e-01
3.100000000000000000e+04 6.966541986912488937e-03 1.199831371195614338e-03 4.947797581553459167e-02 3.318429887294769287e-01 8.170606568455696106e-03 2.873760415241122246e-03 1.891411542892456055e-01 1.760231018066406250e+00 2.878634631633758545e-02 3.168014343827962875e-03 3.608119726181030273e+00 8.773704767227172852e-01 4.348196685314178467e-01 2.873760415241122246e-03 1.891411542892456055e-01 1.760231018066406250e+00 7.983315587043762207e-01
3.200000000000000000e+04 5.983352661132812500e-03 1.019077375531196594e-03 4.234463721513748169e-02 3.097251057624816895e-01 7.043944671750068665e-03 9.535585413686931133e-04 2.005338966846466064e-01 1.742187380790710449e+00 4.016078636050224304e-02 2.714883768931031227e-03 3.595311641693115234e+00 8.684508800506591797e-01 4.859831929206848145e-01 9.535585413686931133e-04 2.005338966846466064e-01 1.742187380790710449e+00 8.324468731880187988e-01
3.300000000000000000e+04 6.938853301107883453e-03 7.727539632469415665e-04 6.361536026000976562e+00 3.245041668415069580e-01 1.580387502908706665e-01 2.925842627882957458e-02 3.815037918090820312e+01 8.519963264465332031e+00 4.564101621508598328e-02 4.786884412169456482e-03 7.859291076660156250e+00 8.833764195442199707e-01 1.924738645553588867e+00 2.925842627882957458e-02 3.815037918090820312e+01 8.519963264465332031e+00 6.974310874938964844e-01
3.400000000000000000e+04 9.930470958352088928e-03 6.699049263261258602e-04 2.480290085077285767e-02 2.904179990291595459e-01 2.302160486578941345e-03 1.963855611393228173e-04 2.708658277988433838e-01 2.019153356552124023e+00 7.805736362934112549e-02 1.675575622357428074e-03 5.668796539306640625e+00 1.200940966606140137e+00 2.126227021217346191e-01 1.963855611393228173e-04 2.708658277988433838e-01 2.019153356552124023e+00 9.259837269783020020e-01
3.500000000000000000e+04 7.034362293779850006e-03 1.616281573660671711e-03 1.746927574276924133e-02 3.053298890590667725e-01 1.524812169373035431e-02 1.039125141687691212e-03 1.394564509391784668e-01 1.726470351219177246e+00 5.700222030282020569e-02 3.250911599025130272e-03 5.041445732116699219e+00 1.178992390632629395e+00 1.033270210027694702e-01 1.039125141687691212e-03 1.394564509391784668e-01 1.726470351219177246e+00 8.598983287811279297e-01
3.600000000000000000e+04 1.366680208593606949e-02 6.339516839943826199e-04 1.786256954073905945e-02 2.703285515308380127e-01 3.322016447782516479e-03 3.751938231289386749e-03 1.379313319921493530e-01 1.715118050575256348e+00 9.259311109781265259e-02 1.291693421080708504e-03 7.034945011138916016e+00 1.512422800064086914e+00 4.283301904797554016e-02 3.751938231289386749e-03 1.379313319921493530e-01 1.715118050575256348e+00 9.347382783889770508e-01
3.700000000000000000e+04 2.338044159114360809e-02 2.350033464608713984e-04 2.026253566145896912e-02 2.561782002449035645e-01 2.595427446067333221e-02 9.199969470500946045e-03 1.080187708139419556e-01 2.139046907424926758e+00 1.253515928983688354e-01 6.342752603814005852e-04 6.954851150512695312e+00 1.780800700187683105e+00 5.991252139210700989e-02 9.199969470500946045e-03 1.080187708139419556e-01 2.139046907424926758e+00 1.004020333290100098e+00
3.800000000000000000e+04 3.019408322870731354e-02 1.650807389523833990e-04 8.950284123420715332e-02 1.505399048328399658e-01 2.017165347933769226e-02 1.582579128444194794e-02 3.369455635547637939e-01 1.730625748634338379e+00 1.401145458221435547e-01 2.978557895403355360e-04 6.723622322082519531e+00 1.990050315856933594e+00 2.543115429580211639e-02 1.582579128444194794e-02 3.369455635547637939e-01 1.730625748634338379e+00 1.047568917274475098e+00
3.900000000000000000e+04 6.007364951074123383e-03 3.783156163990497589e-03 1.494797598570585251e-02 6.571378707885742188e-01 2.518669143319129944e-02 2.558454871177673340e-03 1.780518442392349243e-01 1.721560001373291016e+00 1.708803139626979828e-02 5.271950270980596542e-03 3.297394037246704102e+00 1.401532769203186035e+00 2.855050563812255859e-01 2.558454871177673340e-03 1.780518442392349243e-01 1.721560001373291016e+00 6.872356534004211426e-01
4.000000000000000000e+04 3.349811304360628128e-03 1.199434394948184490e-03 1.352094765752553940e-02 4.591076672077178955e-01 2.039355039596557617e-02 3.676670137792825699e-03 1.298207491636276245e-01 1.735929131507873535e+00 1.627137139439582825e-02 2.213873900473117828e-03 3.219562530517578125e+00 1.138806462287902832e+00 7.943060994148254395e-02 3.676670137792825699e-03 1.298207491636276245e-01 1.735929131507873535e+00 6.206604242324829102e-01
4.100000000000000000e+04 3.048280952498316765e-03 8.045305730774998665e-04 1.320762280374765396e-02 4.348856210708618164e-01 1.316244527697563171e-02 2.656470984220504761e-03 1.328249871730804443e-01 1.738240480422973633e+00 2.297203615307807922e-02 1.561626908369362354e-03 3.000361204147338867e+00 1.094363927841186523e+00 5.930893495678901672e-02 2.656470984220504761e-03 1.328249871730804443e-01 1.738240480422973633e+00 6.368678212165832520e-01
4.200000000000000000e+04 4.499495960772037506e-03 5.668662488460540771e-04 3.334372118115425110e-02 3.721475601196289062e-01 8.681212551891803741e-03 5.391578655689954758e-03 1.615998297929763794e-01 2.617386579513549805e+00 3.565260395407676697e-02 9.916119743138551712e-04 2.990083932876586914e+00 1.037718772888183594e+00 4.316865652799606323e-02 5.391578655689954758e-03 1.615998297929763794e-01 2.617386579513549805e+00 6.638703942298889160e-01
4.300000000000000000e+04 9.553528390824794769e-03 5.189254879951477051e-04 1.298326440155506134e-02 3.885745406150817871e-01 7.475720252841711044e-03 5.934014916419982910e-03 1.183364167809486389e-01 1.832899570465087891e+00 5.854804441332817078e-02 8.837581262923777103e-04 3.358696699142456055e+00 1.114948034286499023e+00 3.523210808634757996e-02 5.934014916419982910e-03 1.183364167809486389e-01 1.832899570465087891e+00 7.267097234725952148e-01
4.400000000000000000e+04 1.686991006135940552e-02 4.611433832906186581e-04 1.285588834434747696e-02 3.780241310596466064e-01 3.859864315018057823e-03 8.520516566932201385e-04 1.157134696841239929e-01 1.814888834953308105e+00 8.572348207235336304e-02 8.282582857646048069e-04 4.256724834442138672e+00 1.266816139221191406e+00 2.458963915705680847e-02 8.520516566932201385e-04 1.157134696841239929e-01 1.814888834953308105e+00 8.036570549011230469e-01
4.500000000000000000e+04 2.448482438921928406e-02 2.922913990914821625e-04 1.536912191659212112e-02 3.161762654781341553e-01 5.754319485276937485e-03 1.394588733091950417e-03 1.742506176233291626e-01 1.707605838775634766e+00 1.082201525568962097e-01 5.148319178260862827e-04 4.995724678039550781e+00 1.433438658714294434e+00 9.016685187816619873e-03 1.394588733091950417e-03 1.742506176233291626e-01 1.707605838775634766e+00 8.601735830307006836e-01
4.600000000000000000e+04 2.556914277374744415e-02 3.484083281364291906e-04 1.161248516291379929e-02 3.458756208419799805e-01 6.626630667597055435e-03 2.026259666308760643e-03 1.240319162607192993e-01 1.692886352539062500e+00 1.113914772868156433e-01 5.451504839584231377e-04 5.169771194458007812e+00 1.656801462173461914e+00 3.192961961030960083e-02 2.026259666308760643e-03 1.240319162607192993e-01 1.692886352539062500e+00 8.950789570808410645e-01
4.700000000000000000e+04 3.468983247876167297e-02 1.662846188992261887e-04 3.215624764561653137e-02 2.774766087532043457e-01 4.732411354780197144e-03 1.605743891559541225e-03 1.451477408409118652e-01 1.712128758430480957e+00 1.307392269372940063e-01 2.752674918156117201e-04 4.789353370666503906e+00 1.901813864707946777e+00 9.791537187993526459e-03 1.605743891559541225e-03 1.451477408409118652e-01 1.712128758430480957e+00 9.699296951293945312e-01
4.800000000000000000e+04 3.812994435429573059e-02 1.941688678925856948e-04 3.003314882516860962e-02 1.810634136199951172e-01 3.824597457423806190e-03 2.588181383907794952e-02 1.380552202463150024e-01 1.700093984603881836e+00 1.347433924674987793e-01 3.343710268381983042e-04 4.121579647064208984e+00 1.919697999954223633e+00 1.144132390618324280e-02 2.588181383907794952e-02 1.380552202463150024e-01 1.700093984603881836e+00 9.952005147933959961e-01
4.900000000000000000e+04 8.755553513765335083e-03 1.127813570201396942e-02 2.318737357854843140e-01 4.728672802448272705e-01 1.457380205392837524e-01 2.617117424961179495e-04 2.867441475391387939e-01 1.885369420051574707e+00 2.968996204435825348e-02 1.349236071109771729e-02 2.010140037536621094e+01 3.305807828903198242e+00 4.482741057872772217e-01 2.617117424961179495e-04 2.867441475391387939e-01 1.885369420051574707e+00 7.509413957595825195e-01
5.000000000000000000e+04 7.370657753199338913e-03 4.408139269798994064e-03 9.077786467969417572e-03 5.380557179450988770e-01 5.637580994516611099e-03 1.043188502080738544e-03 1.308908164501190186e-01 1.685106754302978516e+00 3.789869695901870728e-02 7.443243172019720078e-03 2.604738235473632812e+00 1.308085083961486816e+00 6.722582876682281494e-02 1.043188502080738544e-03 1.308908164501190186e-01 1.685106754302978516e+00 6.874982714653015137e-01
5.100000000000000000e+04 9.949106723070144653e-03 2.848424250259995461e-03 4.917472600936889648e-03 4.902689158916473389e-01 3.876921953633427620e-03 1.597592839971184731e-03 1.634122729301452637e-01 1.686010241508483887e+00 5.277826264500617981e-02 4.926215391606092453e-03 4.197595596313476562e+00 1.493242502212524414e+00 2.615776285529136658e-02 1.597592839971184731e-03 1.634122729301452637e-01 1.686010241508483887e+00 7.346162199974060059e-01
5.200000000000000000e+04 1.358222775161266327e-02 1.102595357224345207e-03 2.871974138543009758e-03 4.821786880493164062e-01 2.541064750403165817e-03 4.735568072646856308e-03 1.475961357355117798e-01 1.671630620956420898e+00 6.916664540767669678e-02 1.861880067735910416e-03 5.249615669250488281e+00 1.633980393409729004e+00 1.228660438209772110e-02 4.735568072646856308e-03 1.475961357355117798e-01 1.671630620956420898e+00 7.706391215324401855e-01
5.300000000000000000e+04 1.794771477580070496e-02 2.430760505376383662e-04 1.844983361661434174e-02 4.232203960418701172e-01 1.010166015475988388e-03 2.849905518814921379e-03 1.741194576025009155e-01 1.672040820121765137e+00 8.600647747516632080e-02 4.228374746162444353e-04 5.425875186920166016e+00 1.629917383193969727e+00 6.069415248930454254e-03 2.849905518814921379e-03 1.741194576025009155e-01 1.672040820121765137e+00 8.049735426902770996e-01
5.400000000000000000e+04 2.145762927830219269e-02 6.230755388969555497e-05 2.023517526686191559e-02 4.010424613952636719e-01 1.134844962507486343e-03 5.416905623860657215e-04 1.889753490686416626e-01 1.686990857124328613e+00 9.791375696659088135e-02 9.656830661697313190e-05 5.678173065185546875e+00 1.693047165870666504e+00 3.340278519317507744e-03 5.416905623860657215e-04 1.889753490686416626e-01 1.686990857124328613e+00 8.348100781440734863e-01
5.500000000000000000e+04 2.158947475254535675e-02 1.256270115845836699e-05 1.094384677708148956e-02 3.678914904594421387e-01 2.473538275808095932e-03 6.905422778800129890e-04 1.503159403800964355e-01 1.681622624397277832e+00 9.669336676597595215e-02 1.915537177410442382e-05 5.131095409393310547e+00 1.723688960075378418e+00 9.279257617890834808e-03 6.905422778800129890e-04 1.503159403800964355e-01 1.681622624397277832e+00 8.476153612136840820e-01
5.600000000000000000e+04 2.513028495013713837e-02 9.784410394786391407e-06 2.372928522527217865e-02 3.620807230472564697e-01 6.422627484425902367e-04 4.937180783599615097e-04 1.058451309800148010e-01 1.684378147125244141e+00 1.048761308193206787e-01 1.967550088011194021e-05 4.745487213134765625e+00 1.810065150260925293e+00 2.406961750239133835e-03 4.937180783599615097e-04 1.058451309800148010e-01 1.684378147125244141e+00 8.708948493003845215e-01
5.700000000000000000e+04 2.791972644627094269e-02 8.114368029055185616e-06 3.584769740700721741e-02 2.321828454732894897e-01 1.201217761263251305e-03 1.482998859137296677e-02 2.092314362525939941e-01 1.696083307266235352e+00 1.076485589146614075e-01 1.179378250526497141e-05 4.256689071655273438e+00 1.913821458816528320e+00 2.263202564790844917e-03 1.482998859137296677e-02 2.092314362525939941e-01 1.696083307266235352e+00 9.049462080001831055e-01
5.800000000000000000e+04 2.828587032854557037e-02 2.354466232645791024e-05 1.899868994951248169e-02 2.768701016902923584e-01 2.957398770377039909e-03 1.371949631720781326e-02 1.037300452589988708e-01 2.091527223587036133e+00 1.025081500411033630e-01 8.683436317369341850e-05 7.909581184387207031e+00 3.040169477462768555e+00 9.308819659054279327e-03 1.371949631720781326e-02 1.037300452589988708e-01 2.091527223587036133e+00 9.370598196983337402e-01
5.900000000000000000e+04 4.371171593666076660e-01 1.352204978466033936e-01 4.170525670051574707e-01 6.562342643737792969e-01 9.145327657461166382e-02 5.989905446767807007e-03 7.562087774276733398e-01 3.931926012039184570e+00 9.637507796287536621e-01 2.685196101665496826e-01 2.837152481079101562e+01 4.438723087310791016e+00 1.933378028869628906e+01 5.989905446767807007e-03 7.562087774276733398e-01 3.931926012039184570e+00 2.742229461669921875e+00
6.000000000000000000e+04 2.290580421686172485e-02 1.206747721880674362e-02 4.171315208077430725e-02 4.902673363685607910e-01 1.126500894315540791e-03 4.095162730664014816e-03 1.250406205654144287e-01 1.706994414329528809e+00 9.030343592166900635e-02 2.205657027661800385e-02 2.069231510162353516e+00 1.383792400360107422e+00 2.641747891902923584e-01 4.095162730664014816e-03 1.250406205654144287e-01 1.706994414329528809e+00 8.375604152679443359e-01
6.100000000000000000e+04 2.125512994825839996e-02 5.547123029828071594e-03 1.640748418867588043e-02 4.774309396743774414e-01 7.861549966037273407e-04 1.700165565125644207e-03 1.278576552867889404e-01 1.698359847068786621e+00 8.520780503749847412e-02 9.810277260839939117e-03 2.211163759231567383e+00 1.463397502899169922e+00 9.755649417638778687e-02 1.700165565125644207e-03 1.278576552867889404e-01 1.698359847068786621e+00 7.920725941658020020e-01
6.200000000000000000e+04 2.464096434414386749e-02 1.373736537061631680e-03 1.062097400426864624e-02 4.406341314315795898e-01 9.092572145164012909e-04 1.361015136353671551e-03 1.541009247303009033e-01 1.675499558448791504e+00 9.687062352895736694e-02 2.381632803007960320e-03 2.815816402435302734e+00 1.618334293365478516e+00 2.126183174550533295e-02 1.361015136353671551e-03 1.541009247303009033e-01 1.675499558448791504e+00 8.269051909446716309e-01
6.300000000000000000e+04 2.621370926499366760e-02 1.827752566896378994e-04 8.057159371674060822e-03 4.074898958206176758e-01 1.418829662725329399e-03 5.327600520104169846e-03 1.482624560594558716e-01 1.701753735542297363e+00 1.013484820723533630e-01 3.320515679661184549e-04 3.528967857360839844e+00 1.840326905250549316e+00 3.763464977964758873e-03 5.327600520104169846e-03 1.482624560594558716e-01 1.701753735542297363e+00 8.603393435478210449e-01
6.400000000000000000e+04 2.751389890909194946e-02 7.950406143208965659e-05 5.810414440929889679e-03 4.226010739803314209e-01 5.972244543954730034e-04 4.061786457896232605e-03 1.013930141925811768e-01 1.672846436500549316e+00 1.032923310995101929e-01 9.413719817530363798e-05 3.830803871154785156e+00 2.096454620361328125e+00 2.165331039577722549e-03 4.061786457896232605e-03 1.013930141925811768e-01 1.672846436500549316e+00 8.998315930366516113e-01
6.500000000000000000e+04 3.171112015843391418e-02 9.707639401312917471e-05 3.301974013447761536e-02 4.070740342140197754e-01 2.091726055368781090e-03 9.230887517333030701e-03 1.882985383272171021e-01 2.074335813522338867e+00 1.114937588572502136e-01 1.067064367816783488e-04 4.889964580535888672e+00 2.611449241638183594e+00 2.903408370912075043e-03 9.230887517333030701e-03 1.882985383272171021e-01 2.074335813522338867e+00 9.706403017044067383e-01
6.600000000000000000e+04 3.498092666268348694e-02 6.773722998332232237e-05 1.367990858852863312e-02 2.671715915203094482e-01 1.192202980746515095e-04 2.671541646122932434e-02 1.931628584861755371e-01 1.680302619934082031e+00 1.098170131444931030e-01 9.216021862812340260e-05 2.728253841400146484e+00 2.485803365707397461e+00 2.882876899093389511e-03 2.671541646122932434e-02 1.931628584861755371e-01 1.680302619934082031e+00 1.046179056167602539e+00
6.700000000000000000e+04 3.260231018066406250e-02 8.424831321462988853e-06 1.543283089995384216e-02 2.725134789943695068e-01 2.199206064688041806e-04 6.267253775149583817e-03 8.398593962192535400e-02 1.679628729820251465e+00 9.471035003662109375e-02 3.318754897918552160e-05 2.848133802413940430e+00 2.900761127471923828e+00 1.138182240538299084e-03 6.267253775149583817e-03 8.398593962192535400e-02 1.679628729820251465e+00 1.091644287109375000e+00
6.800000000000000000e+04 3.167600557208061218e-02 3.281414319644682109e-05 8.669221401214599609e-02 1.507092416286468506e-01 1.264403108507394791e-03 1.762490153312683105e+00 1.846788972616195679e-01 1.668173551559448242e+00 8.499097824096679688e-02 3.252063834224827588e-05 1.938879609107971191e+00 2.375731468200683594e+00 1.606576144695281982e-03 1.762490153312683105e+00 1.846788972616195679e-01 1.668173551559448242e+00 1.050432443618774414e+00
6.900000000000000000e+04 2.670117840170860291e-02 1.897198330880200956e-06 3.445350006222724915e-02 2.517975270748138428e-01 1.111144083552062511e-03 1.612027524970471859e-03 9.139479696750640869e-02 1.680607795715332031e+00 8.277184516191482544e-02 1.662490649323444813e-05 2.123505115509033203e+00 2.186346292495727539e+00 2.365846186876296997e-03 1.612027524970471859e-03 9.139479696750640869e-02 1.680607795715332031e+00 9.507269859313964844e-01
7.000000000000000000e+04 1.962484605610370636e-02 5.165885886526666582e-05 1.537645794451236725e-02 2.778274714946746826e-01 9.550370159558951855e-04 2.881405875086784363e-03 9.977101534605026245e-02 1.717370033264160156e+00 6.849639862775802612e-02 1.034449087455868721e-04 2.625272512435913086e+00 2.091663122177124023e+00 7.879304699599742889e-03 2.881405875086784363e-03 9.977101534605026245e-02 1.717370033264160156e+00 8.600127100944519043e-01
7.100000000000000000e+04 1.273808777332305908e-01 3.931914921849966049e-03 7.728247046470642090e-01 9.310140013694763184e-01 2.605728618800640106e-02 1.527865766547620296e-03 3.894195556640625000e-01 1.757850408554077148e+00 1.825130581855773926e-01 4.489323124289512634e-03 3.653368234634399414e+00 1.274386167526245117e+00 1.272717565298080444e-01 1.527865766547620296e-03 3.894195556640625000e-01 1.757850408554077148e+00 1.134206056594848633e+00
7.200000000000000000e+04 6.074328441172838211e-03 3.915520850569009781e-03 2.000736594200134277e-01 6.442977786064147949e-01 2.264739712700247765e-03 2.793565217871218920e-04 3.299815177917480469e+00 1.694934368133544922e+00 2.455224283039569855e-02 6.563736591488122940e-03 1.080772161483764648e+00 8.593606948852539062e-01 1.060478836297988892e-01 2.793565217871218920e-04 3.299815177917480469e+00 1.694934368133544922e+00 4.968264102935791016e-01
7.300000000000000000e+04 9.380371309816837311e-03 1.837104093283414841e-03 4.161223396658897400e-02 5.726672410964965820e-01 7.625163067132234573e-03 2.288199262693524361e-03 8.794364333152770996e-01 1.702897787094116211e+00 4.091275483369827271e-02 2.799038542434573174e-03 3.077002286911010742e+00 1.316939949989318848e+00 4.560322314500808716e-02 2.288199262693524361e-03 8.794364333152770996e-01 1.702897787094116211e+00 5.377510190010070801e-01
7.400000000000000000e+04 1.350480318069458008e-02 2.030356088653206825e-03 2.315381914377212524e-02 5.441647768020629883e-01 5.407684948295354843e-03 1.275438466109335423e-03 1.709297150373458862e-01 1.693079471588134766e+00 5.431549623608589172e-02 3.264834405854344368e-03 2.547660589218139648e+00 1.292447686195373535e+00 4.620846733450889587e-02 1.275438466109335423e-03 1.709297150373458862e-01 1.693079471588134766e+00 5.897865295410156250e-01
7.500000000000000000e+04 1.557348109781742096e-02 1.061620539985597134e-03 1.502852421253919601e-02 5.467006564140319824e-01 6.128564476966857910e-03 7.030752021819353104e-05 1.890493482351303101e-01 1.687187671661376953e+00 5.885129794478416443e-02 1.543805818073451519e-03 2.186772108078002930e+00 1.314086675643920898e+00 2.150708809494972229e-02 7.030752021819353104e-05 1.890493482351303101e-01 1.687187671661376953e+00 6.097076535224914551e-01
7.600000000000000000e+04 1.709662936627864838e-02 1.233648741617798805e-03 1.140420977026224136e-02 4.722884893417358398e-01 5.812041461467742920e-03 6.390622002072632313e-04 4.504599273204803467e-01 1.684152603149414062e+00 6.360400468111038208e-02 1.619737013243138790e-03 1.964781165122985840e+00 1.365090727806091309e+00 1.377604063600301743e-02 6.390622002072632313e-04 4.504599273204803467e-01 1.684152603149414062e+00 6.560230255126953125e-01
7.700000000000000000e+04 1.761353015899658203e-02 1.553023001179099083e-03 5.377791821956634521e-03 4.514169991016387939e-01 2.656422788277268410e-03 2.639102660850767279e-07 1.204559803009033203e-01 2.012599229812622070e+00 6.215960532426834106e-02 1.911758794449269772e-03 1.670843362808227539e+00 1.537234187126159668e+00 9.183221496641635895e-03 2.639102660850767279e-07 1.204559803009033203e-01 2.012599229812622070e+00 7.099438905715942383e-01
7.800000000000000000e+04 2.705355174839496613e-02 1.282199285924434662e-03 3.069560509175062180e-03 3.620764911174774170e-01 2.934967342298477888e-04 5.185994785279035568e-03 2.735340833663940430e+00 1.705933213233947754e+00 8.288375288248062134e-02 1.692874473519623280e-03 3.089594364166259766e+00 2.352410316467285156e+00 8.767397142946720123e-03 5.185994785279035568e-03 2.735340833663940430e+00 1.705933213233947754e+00 8.842914700508117676e-01
7.900000000000000000e+04 3.632495179772377014e-02 3.376787353772670031e-04 3.180180676281452179e-03 2.716077268123626709e-01 1.004099380224943161e-03 2.251647971570491791e-02 2.257422655820846558e-01 1.784480810165405273e+00 9.748210012912750244e-02 3.962810442317277193e-04 2.249292850494384766e+00 2.670139074325561523e+00 2.907025162130594254e-03 2.251647971570491791e-02 2.257422655820846558e-01 1.784480810165405273e+00 1.054701209068298340e+00
8.000000000000000000e+04 1.430852115154266357e-01 1.087921019643545151e-02 9.865695834159851074e-01 6.214281916618347168e-01 2.941941022872924805e-01 1.270450949668884277e-01 8.255893707275390625e+00 4.403846740722656250e+00 2.220160365104675293e-01 9.768293239176273346e-03 4.920707321166992188e+01 1.976900339126586914e+00 9.407063126564025879e-01 1.270450949668884277e-01 8.255893707275390625e+00 4.403846740722656250e+00 1.287005424499511719e+00
8.100000000000000000e+04 1.952373050153255463e-02 9.574042633175849915e-04 9.207253344357013702e-03 4.566868841648101807e-01 7.343069883063435555e-04 1.520073041319847107e-03 8.350912481546401978e-02 1.775476694107055664e+00 4.818403720855712891e-02 1.554146525450050831e-03 1.109631299972534180e+00 1.317957043647766113e+00 5.356435477733612061e-02 1.520073041319847107e-03 8.350912481546401978e-02 1.775476694107055664e+00 8.940051794052124023e-01
8.200000000000000000e+04 1.597558706998825073e-02 7.169332238845527172e-04 6.593494676053524017e-03 3.948242962360382080e-01 9.898070711642503738e-04 1.085334224626421928e-04 7.082127034664154053e-02 1.732781052589416504e+00 4.675192013382911682e-02 9.656018810346722603e-04 8.758115768432617188e-01 1.952654600143432617e+00 2.591563388705253601e-02 1.085334224626421928e-04 7.082127034664154053e-02 1.732781052589416504e+00 9.330431222915649414e-01
8.300000000000000000e+04 2.401782386004924774e-02 4.734428948722779751e-04 8.548997342586517334e-03 3.662178814411163330e-01 5.811290466226637363e-04 5.729907115892274305e-06 6.582192331552505493e-02 1.812816381454467773e+00 6.606744974851608276e-02 5.180200678296387196e-04 1.106814622879028320e+00 2.174824237823486328e+00 1.759577542543411255e-02 5.729907115892274305e-06 6.582192331552505493e-02 1.812816381454467773e+00 9.986590743064880371e-01
8.400000000000000000e+04 3.402801975607872009e-02 3.298533556517213583e-04 1.073828712105751038e-02 3.221870362758636475e-01 4.229652695357799530e-04 2.667825901880860329e-05 7.736866921186447144e-02 1.680836677551269531e+00 8.663432300090789795e-02 3.084342752117663622e-04 1.283296942710876465e+00 2.416117429733276367e+00 1.309393718838691711e-02 2.667825901880860329e-05 7.736866921186447144e-02 1.680836677551269531e+00 1.080487012863159180e+00
8.500000000000000000e+04 4.058963805437088013e-02 1.279069459997117519e-03 8.313808590173721313e-03 3.064599931240081787e-01 8.033255580812692642e-04 3.465451300144195557e-06 6.220563501119613647e-02 1.850728869438171387e+00 9.836950898170471191e-02 1.972289290279150009e-03 1.335563182830810547e+00 2.713139772415161133e+00 2.317481487989425659e-02 3.465451300144195557e-06 6.220563501119613647e-02 1.850728869438171387e+00 1.173012733459472656e+00
8.600000000000000000e+04 4.354894906282424927e-02 1.820316538214683533e-04 1.312416326254606247e-02 2.870590090751647949e-01 2.920503029599785805e-04 9.332215413451194763e-03 7.602911442518234253e-02 1.815608620643615723e+00 1.031131446361541748e-01 3.656645712908357382e-04 1.270632982254028320e+00 2.969874620437622070e+00 3.900018287822604179e-03 9.332215413451194763e-03 7.602911442518234253e-02 1.815608620643615723e+00 1.253319025039672852e+00
8.700000000000000000e+04 4.245746135711669922e-02 6.698907964164391160e-05 1.378156431019306183e-02 2.610081434249877930e-01 3.490691888146102428e-04 4.331116215325891972e-04 6.469671428203582764e-02 1.704853534698486328e+00 1.003509461879730225e-01 1.186103108921088278e-04 1.165088295936584473e+00 3.042475461959838867e+00 1.285160658881068230e-03 4.331116215325891972e-04 6.469671428203582764e-02 1.704853534698486328e+00 1.291529536247253418e+00
8.800000000000000000e+04 4.265875369310379028e-02 8.551205974072217941e-05 1.615298539400100708e-02 2.528231739997863770e-01 3.574747825041413307e-04 1.480121724307537079e-02 6.334660202264785767e-02 1.671047329902648926e+00 9.377522021532058716e-02 1.169789902633056045e-04 1.045030593872070312e+00 3.055175542831420898e+00 1.723025809042155743e-03 1.480121724307537079e-02 6.334660202264785767e-02 1.671047329902648926e+00 1.283607125282287598e+00
8.900000000000000000e+04 6.600763648748397827e-03 1.066384138539433479e-03 1.174279302358627319e-01 3.878959715366363525e-01 1.728971675038337708e-02 7.860033772885799408e-03 9.970637410879135132e-02 2.536680936813354492e+00 2.161513641476631165e-02 1.117897918447852135e-03 5.341982245445251465e-01 2.921188116073608398e+00 2.729139104485511780e-02 7.860033772885799408e-03 9.970637410879135132e-02 2.536680936813354492e+00 1.202644228935241699e+00
9.000000000000000000e+04 3.901392221450805664e-02 6.207305705174803734e-05 3.452207148075103760e-02 2.120070159435272217e-01 2.836944069713354111e-03 1.279144897125661373e-03 1.330367177724838257e-01 7.116446971893310547e+00 8.318933844566345215e-02 7.133076724130660295e-05 3.390221595764160156e-01 2.440583229064941406e+00 6.999028474092483521e-02 1.279144897125661373e-03 1.330367177724838257e-01 7.116446971893310547e+00 1.223728418350219727e+00
9.100000000000000000e+04 3.044952079653739929e-02 3.369518890394829214e-05 6.561685819178819656e-03 2.658080756664276123e-01 1.007458195090293884e-03 6.374055054038763046e-03 7.422649115324020386e-02 1.686483502388000488e+00 7.134693115949630737e-02 5.475755824591033161e-05 1.530864357948303223e+00 2.810435056686401367e+00 1.853775000199675560e-03 6.374055054038763046e-03 7.422649115324020386e-02 1.686483502388000488e+00 1.089888572692871094e+00
