# step, loss_train, loss_test, metrics_test
0.000000000000000000e+00 2.094502449035644531e-01 3.134074211120605469e-01 4.613013183593750000e+03 2.297964811325073242e+00 7.997483611106872559e-01 8.988281250000000000e+00 1.456703901290893555e+00 2.210647799074649811e-02 2.306773811578750610e-01 3.556320667266845703e-01 4.606054199218750000e+03 2.180885791778564453e+00 8.076284527778625488e-01 8.988281250000000000e+00 1.456703901290893555e+00 2.210647799074649811e-02 6.723129004240036011e-02
1.000000000000000000e+03 3.217773437500000000e-01 3.034964203834533691e-01 2.970663309097290039e-01 1.234349384903907776e-01 6.706184148788452148e-01 5.665381431579589844e+00 4.411425441503524780e-02 5.640059709548950195e-02 6.062397360801696777e-01 5.880618095397949219e-01 3.295574188232421875e+00 1.977802067995071411e-01 1.379203081130981445e+00 5.665381431579589844e+00 4.411425441503524780e-02 5.640059709548950195e-02 2.137250825762748718e-02
2.000000000000000000e+03 1.262452900409698486e-01 1.105764359235763550e-01 1.876323223114013672e-01 5.261056870222091675e-02 3.070057332515716553e-01 2.892032146453857422e+00 1.421052031219005585e-02 2.184562012553215027e-02 3.433733880519866943e-01 2.295226305723190308e-01 2.856517553329467773e+00 8.036203682422637939e-02 6.893842816352844238e-01 2.892032146453857422e+00 1.421052031219005585e-02 2.184562012553215027e-02 1.372679322957992554e-02
3.000000000000000000e+03 8.425483852624893188e-02 5.196575075387954712e-02 1.111414805054664612e-01 1.320100016891956329e-02 1.475595384836196899e-01 1.505964040756225586e+00 4.037470091134309769e-03 1.043669134378433228e-02 2.672332525253295898e-01 1.174484863877296448e-01 2.812320232391357422e+00 1.757968962192535400e-01 3.842910528182983398e-01 1.505964040756225586e+00 4.037470091134309769e-03 1.043669134378433228e-02 9.868259541690349579e-03
4.000000000000000000e+03 6.228113174438476562e-02 3.062411025166511536e-02 1.431919634342193604e-01 2.752982266247272491e-02 1.080183759331703186e-01 8.130505084991455078e-01 4.373035393655300140e-03 7.344123907387256622e-03 2.210829257965087891e-01 7.063382118940353394e-02 4.137730598449707031e+00 3.429924249649047852e-01 2.891029417514801025e-01 8.130505084991455078e-01 4.373035393655300140e-03 7.344123907387256622e-03 8.165866136550903320e-03
5.000000000000000000e+03 4.661194607615470886e-02 2.197442762553691864e-02 4.926188290119171143e-02 1.777066476643085480e-02 8.444282412528991699e-02 4.948697388172149658e-01 7.241321261972188950e-03 6.135666277259588242e-03 1.570959091186523438e-01 4.937564209103584290e-02 3.297287702560424805e+00 2.735066711902618408e-01 2.412176728248596191e-01 4.948697388172149658e-01 7.241321261972188950e-03 6.135666277259588242e-03 7.427540142089128494e-03
6.000000000000000000e+03 2.992292493581771851e-02 1.718522422015666962e-02 3.578178584575653076e-02 1.413841545581817627e-02 7.139129191637039185e-02 2.960915863513946533e-01 9.122665040194988251e-03 4.856318701058626175e-03 9.750770777463912964e-02 4.000942409038543701e-02 2.384807109832763672e+00 2.214171588420867920e-01 1.953179687261581421e-01 2.960915863513946533e-01 9.122665040194988251e-03 4.856318701058626175e-03 6.313165184110403061e-03
7.000000000000000000e+03 1.849413849413394928e-02 1.247294154018163681e-02 2.616858482360839844e-02 1.207318063825368881e-02 5.278943479061126709e-02 1.793159246444702148e-01 1.047613099217414856e-02 3.552817506715655327e-03 6.203617900609970093e-02 3.079866617918014526e-02 1.596888303756713867e+00 1.607114374637603760e-01 1.537945270538330078e-01 1.793159246444702148e-01 1.047613099217414856e-02 3.552817506715655327e-03 5.635313224047422409e-03
8.000000000000000000e+03 1.555857155472040176e-02 1.003423891961574554e-02 2.429331652820110321e-02 4.243191704154014587e-02 4.899374023079872131e-02 1.115575060248374939e-01 1.327958982437849045e-02 3.246851032599806786e-03 5.156179144978523254e-02 2.363959886133670807e-02 1.091694712638854980e+00 1.262808740139007568e-01 1.436599642038345337e-01 1.115575060248374939e-01 1.327958982437849045e-02 3.246851032599806786e-03 5.177692510187625885e-03
9.000000000000000000e+03 9.586645290255546570e-03 6.388749461621046066e-03 2.811905741691589355e-02 8.806660771369934082e-03 5.266319215297698975e-02 7.072227448225021362e-02 1.167394686490297318e-02 3.251814749091863632e-03 3.842740133404731750e-02 1.774888485670089722e-02 8.298566937446594238e-01 7.240991294384002686e-02 1.488581448793411255e-01 7.072227448225021362e-02 1.167394686490297318e-02 3.251814749091863632e-03 4.510692320764064789e-03
1.000000000000000000e+04 6.031162571161985397e-03 4.445806145668029785e-03 8.738249540328979492e-03 7.472531404346227646e-03 3.041460365056991577e-02 4.586236551403999329e-02 1.134460140019655228e-02 2.610069233924150467e-03 2.833865582942962646e-02 1.592065580189228058e-02 5.519335865974426270e-01 6.817204505205154419e-02 1.087509468197822571e-01 4.586236551403999329e-02 1.134460140019655228e-02 2.610069233924150467e-03 3.853884525597095490e-03
1.100000000000000000e+04 5.122472532093524933e-03 4.267780110239982605e-03 8.154323324561119080e-03 5.495247896760702133e-03 3.554924577474594116e-02 3.634425997734069824e-02 1.223891135305166245e-02 2.652013208717107773e-03 2.688781358301639557e-02 1.537851523607969284e-02 3.556080162525177002e-01 4.921212047338485718e-02 1.200792193412780762e-01 3.634425997734069824e-02 1.223891135305166245e-02 2.652013208717107773e-03 3.814547555521130562e-03
1.200000000000000000e+04 4.663747735321521759e-03 3.900940064340829849e-03 6.950495298951864243e-03 5.177185870707035065e-03 2.644082717597484589e-02 2.445637248456478119e-02 1.117248553782701492e-02 2.338097197934985161e-03 2.686248160898685455e-02 1.584876142442226410e-02 3.644037544727325439e-01 4.685668274760246277e-02 9.945435822010040283e-02 2.445637248456478119e-02 1.117248553782701492e-02 2.338097197934985161e-03 3.398732049390673637e-03
1.300000000000000000e+04 4.419405013322830200e-03 3.265779931098222733e-03 1.904518157243728638e-02 8.579475805163383484e-03 2.268214896321296692e-02 1.543501205742359161e-02 9.628479368984699249e-03 1.859313342720270157e-03 2.486309409141540527e-02 1.323353871703147888e-02 2.859084904193878174e-01 4.701763018965721130e-02 8.192943781614303589e-02 1.543501205742359161e-02 9.628479368984699249e-03 1.859313342720270157e-03 3.203538712114095688e-03
1.400000000000000000e+04 4.192607477307319641e-03 2.249266020953655243e-02 6.281158328056335449e-02 5.435899272561073303e-02 2.096846327185630798e-02 1.264729257673025131e-02 8.614275604486465454e-03 1.619138987734913826e-03 2.318733930587768555e-02 2.734569273889064789e-02 2.147864401340484619e-01 1.057092472910881042e-01 7.493790984153747559e-02 1.264729257673025131e-02 8.614275604486465454e-03 1.619138987734913826e-03 3.751771291717886925e-03
1.500000000000000000e+04 5.629110150039196014e-03 6.003173999488353729e-03 1.123749185353517532e-02 5.815373733639717102e-03 3.967515006661415100e-02 9.124087169766426086e-03 7.723428308963775635e-03 1.898075221106410027e-03 2.855074778199195862e-02 1.360090635716915131e-02 1.665090024471282959e-01 3.254248574376106262e-02 1.131644994020462036e-01 9.124087169766426086e-03 7.723428308963775635e-03 1.898075221106410027e-03 4.133492242544889450e-03
1.600000000000000000e+04 2.675320487469434738e-03 1.778714358806610107e-03 3.159621264785528183e-03 3.155610524117946625e-03 1.487624645233154297e-02 5.925551056861877441e-03 6.169702857732772827e-03 1.131580909714102745e-03 2.157591469585895538e-02 6.327317096292972565e-03 1.251484155654907227e-01 4.940446838736534119e-02 5.350412428379058838e-02 5.925551056861877441e-03 6.169702857732772827e-03 1.131580909714102745e-03 3.029679646715521812e-03
1.700000000000000000e+04 2.725280355662107468e-03 1.767989946529269218e-03 5.098654888570308685e-03 3.083351301029324532e-03 1.554638799279928207e-02 4.587824456393718719e-03 5.324287805706262589e-03 1.152780372649431229e-03 2.181547507643699646e-02 5.281414836645126343e-03 8.777624368667602539e-02 5.493512377142906189e-02 5.649305135011672974e-02 4.587824456393718719e-03 5.324287805706262589e-03 1.152780372649431229e-03 3.126755822449922562e-03
1.800000000000000000e+04 2.119352808222174644e-03 1.580485375598073006e-03 2.599481958895921707e-03 2.585933078080415726e-03 1.314796321094036102e-02 3.275167895480990410e-03 4.651598166674375534e-03 9.684326360002160072e-04 2.090843021869659424e-02 5.886104889214038849e-03 7.944602519273757935e-02 5.563770607113838196e-02 4.678754881024360657e-02 3.275167895480990410e-03 4.651598166674375534e-03 9.684326360002160072e-04 2.983067417517304420e-03
1.900000000000000000e+04 2.900592982769012451e-03 1.987763680517673492e-03 3.246729960665106773e-03 2.369719324633479118e-03 2.281021513044834137e-02 4.369948524981737137e-03 5.938263610005378723e-03 1.136387581937015057e-03 3.463517501950263977e-02 7.415289059281349182e-03 7.147674262523651123e-02 4.843778908252716064e-02 6.890733540058135986e-02 4.369948524981737137e-03 5.938263610005378723e-03 1.136387581937015057e-03 3.430439857766032219e-03
2.000000000000000000e+04 2.175958827137947083e-03 1.684028306044638157e-03 2.554299775511026382e-03 2.066036686301231384e-03 1.619593054056167603e-02 3.368954407051205635e-03 5.183090921491384506e-03 9.369559120386838913e-04 2.885481715202331543e-02 6.302469410002231598e-03 6.959740072488784790e-02 4.848778992891311646e-02 5.212355777621269226e-02 3.368954407051205635e-03 5.183090921491384506e-03 9.369559120386838913e-04 3.137643449008464813e-03
2.100000000000000000e+04 2.036085585132241249e-03 1.556722447276115417e-03 2.887182403355836868e-03 2.229445148259401321e-03 1.277431659400463104e-02 2.483096672222018242e-03 4.440078511834144592e-03 9.112887782976031303e-04 2.493788488209247589e-02 5.973177030682563782e-03 6.420661509037017822e-02 5.314970389008522034e-02 4.552537202835083008e-02 2.483096672222018242e-03 4.440078511834144592e-03 9.112887782976031303e-04 2.992207417264580727e-03
2.200000000000000000e+04 1.879540155641734600e-03 1.376094529405236244e-03 2.245906740427017212e-03 1.991118071600794792e-03 1.136155147105455399e-02 1.885351724922657013e-03 3.582599107176065445e-03 8.554240921512246132e-04 2.445867657661437988e-02 5.503055639564990997e-03 5.571213364601135254e-02 5.396048352122306824e-02 4.122720658779144287e-02 1.885351724922657013e-03 3.582599107176065445e-03 8.554240921512246132e-04 2.949542133137583733e-03
2.300000000000000000e+04 1.848571235314011574e-03 1.364866155199706554e-03 4.142638761550188065e-03 2.259310334920883179e-03 1.100404001772403717e-02 1.576066133566200733e-03 3.085114527493715286e-03 8.330352720804512501e-04 2.574102021753787994e-02 5.177754908800125122e-03 4.815530404448509216e-02 5.628336593508720398e-02 4.037009924650192261e-02 1.576066133566200733e-03 3.085114527493715286e-03 8.330352720804512501e-04 2.998351352289319038e-03
2.400000000000000000e+04 2.029825001955032349e-03 2.096133772283792496e-03 2.224629372358322144e-02 5.378193221986293793e-03 1.016675494611263275e-02 1.504554296843707561e-03 2.692147390916943550e-03 8.178915595635771751e-04 2.590550109744071960e-02 5.907095037400722504e-03 5.179338157176971436e-02 5.015473067760467529e-02 3.870207816362380981e-02 1.504554296843707561e-03 2.692147390916943550e-03 8.178915595635771751e-04 3.022687043994665146e-03
2.500000000000000000e+04 1.416383194737136364e-03 1.083484850823879242e-03 1.908795908093452454e-03 1.793370232917368412e-03 9.988746605813503265e-03 1.075712381862103939e-03 2.232184633612632751e-03 7.895391900092363358e-04 2.445619739592075348e-02 4.814392887055873871e-03 3.762223944067955017e-02 5.439969524741172791e-02 3.727688640356063843e-02 1.075712381862103939e-03 2.232184633612632751e-03 7.895391900092363358e-04 2.991132903844118118e-03
2.600000000000000000e+04 1.381419831886887550e-03 1.130527816712856293e-03 1.932174782268702984e-03 1.856664661318063736e-03 1.167947612702846527e-02 9.770243195816874504e-04 2.012189012020826340e-03 8.500047260895371437e-04 2.779887616634368896e-02 5.604778416454792023e-03 3.278613835573196411e-02 5.264709889888763428e-02 4.190820083022117615e-02 9.770243195816874504e-04 2.012189012020826340e-03 8.500047260895371437e-04 3.181875683367252350e-03
2.700000000000000000e+04 1.391329453326761723e-03 1.252408255822956562e-03 1.551553420722484589e-02 4.666686058044433594e-03 9.399103932082653046e-03 6.672560703009366989e-04 1.722612534649670124e-03 7.826572982594370842e-04 2.359846793115139008e-02 4.855790175497531891e-03 5.697260051965713501e-02 7.040839642286300659e-02 3.532122448086738586e-02 6.672560703009366989e-04 1.722612534649670124e-03 7.826572982594370842e-04 2.952135168015956879e-03
2.800000000000000000e+04 1.005802769213914871e-03 9.508804650977253914e-04 1.840907032601535320e-03 1.819547964259982109e-03 7.947355508804321289e-03 7.549044094048440456e-04 1.637487672269344330e-03 7.492021541111171246e-04 2.242705598473548889e-02 4.468591418117284775e-03 3.053377382457256317e-02 5.159433931112289429e-02 3.231926634907722473e-02 7.549044094048440456e-04 1.637487672269344330e-03 7.492021541111171246e-04 2.904795808717608452e-03
2.900000000000000000e+04 4.357248544692993164e-03 4.680300131440162659e-02 8.636049926280975342e-03 2.231093309819698334e-02 2.022929117083549500e-02 6.158406613394618034e-04 1.988314790651202202e-03 6.419598939828574657e-04 1.652340777218341827e-02 4.279546067118644714e-02 4.593491181731224060e-02 1.320918500423431396e-01 3.585480153560638428e-02 6.158406613394618034e-04 1.988314790651202202e-03 6.419598939828574657e-04 4.048967733979225159e-03
3.000000000000000000e+04 1.550861401483416557e-03 1.203525462187826633e-03 2.831249497830867767e-03 2.038254402577877045e-03 1.220307778567075729e-02 7.072997977957129478e-04 1.586153404787182808e-03 9.363016579300165176e-04 3.012599796056747437e-02 6.529489066451787949e-03 2.562165446579456329e-02 3.718928247690200806e-02 4.496768862009048462e-02 7.072997977957129478e-04 1.586153404787182808e-03 9.363016579300165176e-04 3.219010075554251671e-03
3.100000000000000000e+04 8.089687325991690159e-04 8.023141417652368546e-04 1.684159273281693459e-03 1.679504290223121643e-03 6.455231923609972000e-03 6.036222912371158600e-04 1.304027275182306767e-03 7.114367908798158169e-04 2.067361399531364441e-02 4.201923497021198273e-03 2.542172558605670929e-02 4.116475582122802734e-02 2.843799442052841187e-02 6.036222912371158600e-04 1.304027275182306767e-03 7.114367908798158169e-04 2.789814257994294167e-03
3.200000000000000000e+04 9.985206415876746178e-04 1.411953708156943321e-03 2.855598926544189453e-03 1.748627633787691593e-03 6.536152679473161697e-03 5.457302904687821865e-04 1.107749179936945438e-03 7.018885225988924503e-04 2.276265621185302734e-02 4.821789450943470001e-03 2.214543335139751434e-02 3.998947143554687500e-02 2.886801026761531830e-02 5.457302904687821865e-04 1.107749179936945438e-03 7.018885225988924503e-04 2.858896506950259209e-03
3.300000000000000000e+04 9.851137176156044006e-03 1.159792300313711166e-02 9.945345111191272736e-03 9.664515964686870575e-03 4.787361994385719299e-02 1.540247583761811256e-03 2.463387791067361832e-03 1.495739445090293884e-03 8.115291595458984375e-02 3.347057849168777466e-02 5.837529152631759644e-02 4.482616111636161804e-02 1.080546230077743530e-01 1.540247583761811256e-03 2.463387791067361832e-03 1.495739445090293884e-03 5.473916884511709213e-03
3.400000000000000000e+04 1.295460271649062634e-03 1.367279561236500740e-03 2.036683261394500732e-03 2.003931440412998199e-03 1.041404902935028076e-02 1.061762450262904167e-03 1.666899654082953930e-03 8.162295562215149403e-04 3.740980848670005798e-02 7.246359717100858688e-03 2.841036394238471985e-02 2.968715503811836243e-02 3.844667226076126099e-02 1.061762450262904167e-03 1.666899654082953930e-03 8.162295562215149403e-04 3.466458292677998543e-03
3.500000000000000000e+04 7.539257057942450047e-04 9.865622268989682198e-04 1.628967467695474625e-03 1.696155639365315437e-03 6.982324644923210144e-03 8.278731256723403931e-04 1.432389253750443459e-03 6.561480695381760597e-04 2.682705968618392944e-02 5.532855633646249771e-03 2.455174922943115234e-02 3.310616314411163330e-02 2.844966948032379150e-02 8.278731256723403931e-04 1.432389253750443459e-03 6.561480695381760597e-04 3.071711864322423935e-03
3.600000000000000000e+04 7.262666476890444756e-04 8.424592087976634502e-04 2.034367062151432037e-03 1.689799129962921143e-03 5.991978105157613754e-03 6.207515252754092216e-04 1.278923940844833851e-03 6.458659190684556961e-04 2.304313331842422485e-02 4.969229921698570251e-03 2.357252314686775208e-02 4.116153344511985779e-02 2.619948051869869232e-02 6.207515252754092216e-04 1.278923940844833851e-03 6.458659190684556961e-04 2.817165106534957886e-03
3.700000000000000000e+04 6.438159034587442875e-04 8.509986801072955132e-04 1.819083467125892639e-03 1.346122589893639088e-03 5.162714980542659760e-03 4.785838536918163300e-04 1.062356284819543362e-03 5.898412200622260571e-04 1.897810585796833038e-02 4.355585202574729919e-03 2.267118729650974274e-02 3.652209788560867310e-02 2.268626913428306580e-02 4.785838536918163300e-04 1.062356284819543362e-03 5.898412200622260571e-04 2.589817158877849579e-03
3.800000000000000000e+04 8.661727188155055046e-04 6.198587361723184586e-03 2.170935738831758499e-03 3.747615730389952660e-03 6.323592737317085266e-03 4.402523045428097248e-04 9.893819224089384079e-04 5.608908249996602535e-04 1.459380146116018295e-02 7.899235002696514130e-03 1.838676445186138153e-02 3.993649035692214966e-02 2.138687670230865479e-02 4.402523045428097248e-04 9.893819224089384079e-04 5.608908249996602535e-04 2.535647014155983925e-03
3.900000000000000000e+04 5.376829649321734905e-04 7.653792854398488998e-04 1.030046027153730392e-03 1.248954911716282368e-03 3.902131225913763046e-03 3.753706405404955149e-04 7.687343168072402477e-04 5.747069371864199638e-04 1.597822643816471100e-02 4.862292204052209854e-03 1.580156758427619934e-02 3.006754070520401001e-02 2.041971310973167419e-02 3.753706405404955149e-04 7.687343168072402477e-04 5.747069371864199638e-04 2.484788419678807259e-03
4.000000000000000000e+04 4.755673580802977085e-04 6.194011075422167778e-04 1.077745575457811356e-03 1.052674371749162674e-03 3.300052136182785034e-03 3.262441314291208982e-04 7.022749050520360470e-04 5.459709791466593742e-04 1.409579161554574966e-02 4.774836823344230652e-03 1.567527092993259430e-02 2.838021703064441681e-02 1.840758882462978363e-02 3.262441314291208982e-04 7.022749050520360470e-04 5.459709791466593742e-04 2.365658525377511978e-03
4.100000000000000000e+04 3.129770979285240173e-03 5.908697843551635742e-03 4.224045202136039734e-03 4.739138297736644745e-03 1.929210126399993896e-02 6.527315708808600903e-04 1.240328652784228325e-03 1.188631518743932247e-03 2.572361938655376434e-02 2.682360820472240448e-02 2.145694755017757416e-02 5.330024287104606628e-02 5.969697237014770508e-02 6.527315708808600903e-04 1.240328652784228325e-03 1.188631518743932247e-03 4.166845697909593582e-03
4.200000000000000000e+04 7.102961535565555096e-04 1.109692268073558807e-03 1.294980058446526527e-03 1.770681701600551605e-03 3.496531862765550613e-03 5.683115450665354729e-04 1.031240564770996571e-03 5.658080917783081532e-04 1.763414964079856873e-02 7.415774278342723846e-03 2.044593542814254761e-02 3.359988331794738770e-02 1.942515745759010315e-02 5.683115450665354729e-04 1.031240564770996571e-03 5.658080917783081532e-04 2.852882724255323410e-03
4.300000000000000000e+04 4.784923803526908159e-04 7.551011512987315655e-04 1.044751727022230625e-03 1.376922591589391232e-03 2.695811912417411804e-03 4.144709673710167408e-04 8.475435897707939148e-04 4.680094425566494465e-04 1.519729290157556534e-02 5.635668057948350906e-03 1.629567891359329224e-02 3.025374002754688263e-02 1.526485849171876907e-02 4.144709673710167408e-04 8.475435897707939148e-04 4.680094425566494465e-04 2.545933937653899193e-03
4.400000000000000000e+04 4.081815422978252172e-04 6.123522762209177017e-04 8.825881523080170155e-04 9.672277956269681454e-04 2.321823267266154289e-03 3.324182762298732996e-04 6.895166006870567799e-04 4.296905244700610638e-04 1.309885177761316299e-02 5.197193939238786697e-03 1.341556943953037262e-02 2.524942159652709961e-02 1.338152401149272919e-02 3.324182762298732996e-04 6.895166006870567799e-04 4.296905244700610638e-04 2.294489648193120956e-03
4.500000000000000000e+04 3.993491118308156729e-04 6.016668048687279224e-04 1.569206360727548599e-03 9.118111338466405869e-04 2.158898394554853439e-03 2.977738622575998306e-04 6.017114501446485519e-04 4.339530423749238253e-04 1.148768607527017593e-02 5.214063916355371475e-03 1.071666274219751358e-02 2.200889028608798981e-02 1.295455731451511383e-02 2.977738622575998306e-04 6.017114501446485519e-04 4.339530423749238253e-04 2.142513636499643326e-03
4.600000000000000000e+04 2.471348969265818596e-03 2.906033303588628769e-03 1.289795339107513428e-01 3.862037882208824158e-02 4.160423297435045242e-03 5.276969168335199356e-04 7.050576969049870968e-04 5.104435840621590614e-04 1.632259227335453033e-02 7.956339046359062195e-03 1.196307316422462463e-01 5.363438650965690613e-02 1.757069490849971771e-02 5.276969168335199356e-04 7.050576969049870968e-04 5.104435840621590614e-04 2.580590778961777687e-03
4.700000000000000000e+04 8.581544389016926289e-04 5.861271638423204422e-03 1.891530118882656097e-02 1.363861747086048126e-02 2.163764787837862968e-03 1.863602083176374435e-04 7.906683022156357765e-04 4.156590730417519808e-04 1.293987128883600235e-02 1.382608618587255478e-02 3.292927145957946777e-02 2.776551060378551483e-02 1.116907317191362381e-02 1.863602083176374435e-04 7.906683022156357765e-04 4.156590730417519808e-04 2.373555442318320274e-03
4.800000000000000000e+04 3.508058143779635429e-04 5.497792153619229794e-04 2.885930472984910011e-03 1.106499577872455120e-03 1.884858822450041771e-03 1.878236507764086127e-04 4.425299121066927910e-04 4.585602728184312582e-04 1.031402219086885452e-02 5.699913017451763153e-03 1.289097405970096588e-02 1.723801530897617340e-02 1.302837766706943512e-02 1.878236507764086127e-04 4.425299121066927910e-04 4.585602728184312582e-04 1.982286106795072556e-03
4.900000000000000000e+04 6.974258576519787312e-04 9.684723336249589920e-04 3.625354543328285217e-02 1.615656539797782898e-02 2.967633306980133057e-03 1.386591320624575019e-04 3.192031581420451403e-04 4.489230632316321135e-04 1.003425195813179016e-02 5.595468915998935699e-03 5.651026591658592224e-02 3.213131800293922424e-02 1.349562313407659531e-02 1.386591320624575019e-04 3.192031581420451403e-04 4.489230632316321135e-04 1.871688524261116982e-03
5.000000000000000000e+04 1.098981709219515324e-03 1.318864757195115089e-03 4.604917019605636597e-02 1.403564028441905975e-02 2.323027234524488449e-03 3.030369698535650969e-04 4.644380824174731970e-04 5.003296537324786186e-04 1.194579899311065674e-02 6.718197371810674667e-03 4.352131858468055725e-02 2.462749183177947998e-02 1.475475449115037918e-02 3.030369698535650969e-04 4.644380824174731970e-04 5.003296537324786186e-04 2.109559252858161926e-03
5.100000000000000000e+04 4.611924814525991678e-04 4.745429323520511389e-04 7.265947293490171432e-03 1.280306256376206875e-03 1.592905144207179546e-03 2.061551058432087302e-04 3.636770707089453936e-04 4.802602634299546480e-04 9.310933761298656464e-03 5.440436303615570068e-03 1.111489441245794296e-02 1.303280889987945557e-02 1.311261299997568130e-02 2.061551058432087302e-04 3.636770707089453936e-04 4.802602634299546480e-04 1.792095834389328957e-03
5.200000000000000000e+04 2.782283409032970667e-04 4.561280366033315659e-04 4.992560716345906258e-04 4.503942618612200022e-04 1.594956964254379272e-03 2.153305249521508813e-04 4.148514999542385340e-04 5.132972728461027145e-04 9.384092874825000763e-03 5.344286095350980759e-03 7.383085321635007858e-03 1.306074950844049454e-02 1.407143659889698029e-02 2.153305249521508813e-04 4.148514999542385340e-04 5.132972728461027145e-04 1.853409223258495331e-03
5.300000000000000000e+04 7.515226025134325027e-04 7.474392768926918507e-04 3.062255866825580597e-02 7.540949620306491852e-03 1.703839283436536789e-03 1.259970304090529680e-04 3.137904568575322628e-04 4.466395475901663303e-04 9.399418719112873077e-03 5.877165123820304871e-03 4.489206895232200623e-02 2.037626504898071289e-02 1.183047983795404434e-02 1.259970304090529680e-04 3.137904568575322628e-04 4.466395475901663303e-04 1.758129801601171494e-03
5.400000000000000000e+04 6.100535392761230469e-04 1.311117666773498058e-03 2.215029112994670868e-02 2.239304967224597931e-02 2.803587820380926132e-03 2.074459334835410118e-04 4.681444552261382341e-04 4.409093235153704882e-04 9.499347768723964691e-03 7.700524758547544479e-03 2.440530061721801758e-02 2.854171767830848694e-02 1.236972957849502563e-02 2.074459334835410118e-04 4.681444552261382341e-04 4.409093235153704882e-04 1.890436280518770218e-03
5.500000000000000000e+04 2.425077545922249556e-04 3.706717689055949450e-04 4.080541839357465506e-04 3.872565866913646460e-04 1.319306786172091961e-03 1.588151208125054836e-04 3.105916548520326614e-04 4.690621572080999613e-04 8.659141138195991516e-03 5.510638933628797531e-03 6.384235806763172150e-03 1.024021394550800323e-02 1.210440509021282196e-02 1.588151208125054836e-04 3.105916548520326614e-04 4.690621572080999613e-04 1.671976875513792038e-03
5.600000000000000000e+04 2.749210398178547621e-04 4.369608359411358833e-04 6.917835562489926815e-04 6.463032332248985767e-04 1.360251219011843204e-03 1.666745229158550501e-04 3.496543213259428740e-04 5.717027815990149975e-04 8.523023687303066254e-03 5.619857460260391235e-03 7.041430566459894180e-03 1.180803682655096054e-02 1.507620979100465775e-02 1.666745229158550501e-04 3.496543213259428740e-04 5.717027815990149975e-04 1.760580344125628471e-03
5.700000000000000000e+04 2.915668010246008635e-04 4.047426627948880196e-04 3.022489836439490318e-03 9.943639161065220833e-04 1.154262572526931763e-03 1.378405431751161814e-04 2.779572387225925922e-04 4.747844941448420286e-04 8.105060085654258728e-03 5.808229558169841766e-03 1.056798920035362244e-02 1.072803512215614319e-02 1.186326891183853149e-02 1.378405431751161814e-04 2.779572387225925922e-04 4.747844941448420286e-04 1.629779348149895668e-03
5.800000000000000000e+04 3.402241272851824760e-04 4.495478933677077293e-04 1.008484233170747757e-02 2.865208312869071960e-03 1.271895482204854488e-03 1.169157549156807363e-04 2.575494581833481789e-04 4.722516750916838646e-04 8.367066271603107452e-03 6.009297911077737808e-03 1.956336759030818939e-02 1.257540937513113022e-02 1.185752730816602707e-02 1.169157549156807363e-04 2.575494581833481789e-04 4.722516750916838646e-04 1.566733350045979023e-03
5.900000000000000000e+04 2.117358235409483314e-04 3.377176763024181128e-04 6.854355451650917530e-04 9.483465109951794147e-04 1.164669170975685120e-03 1.453732256777584553e-04 3.010463551618158817e-04 4.824311181437224150e-04 8.142729289829730988e-03 5.993614904582500458e-03 5.156825296580791473e-03 8.894416503608226776e-03 1.229896955192089081e-02 1.453732256777584553e-04 3.010463551618158817e-04 4.824311181437224150e-04 1.600812538526952267e-03
6.000000000000000000e+04 3.642029187176376581e-04 4.161194956395775080e-04 5.612822715193033218e-04 7.811684045009315014e-04 1.234293566085398197e-03 2.406007843092083931e-04 4.866076633334159851e-04 4.906830727122724056e-04 9.159291163086891174e-03 5.785172805190086365e-03 8.317132480442523956e-03 1.456883829087018967e-02 1.272869948297739029e-02 2.406007843092083931e-04 4.866076633334159851e-04 4.906830727122724056e-04 1.814107876271009445e-03
6.100000000000000000e+04 2.275420993100851774e-04 3.410460776649415493e-04 4.068702110089361668e-04 4.295661346986889839e-04 1.042141462676227093e-03 2.072417555609717965e-04 3.622796211857348680e-04 4.067668633069843054e-04 8.634472265839576721e-03 5.974934436380863190e-03 6.950316485017538071e-03 1.135871279984712601e-02 9.906588122248649597e-03 2.072417555609717965e-04 3.622796211857348680e-04 4.067668633069843054e-04 1.671696431003510952e-03
6.200000000000000000e+04 2.104046870954334736e-04 3.182259388267993927e-04 4.003634094260632992e-04 3.431643417570739985e-04 1.055871834978461266e-03 1.774895499693229795e-04 3.055098932236433029e-04 3.997176827397197485e-04 8.454160764813423157e-03 6.251717451959848404e-03 6.669703405350446701e-03 9.441943839192390442e-03 9.753900580108165741e-03 1.774895499693229795e-04 3.055098932236433029e-04 3.997176827397197485e-04 1.575516420416533947e-03
6.300000000000000000e+04 3.599904302973300219e-04 4.776808200404047966e-04 5.830300971865653992e-03 1.418648054823279381e-03 1.322780502960085869e-03 1.352468825643882155e-04 2.930327318608760834e-04 4.459070623852312565e-04 8.821920491755008698e-03 6.990804802626371384e-03 1.406854484230279922e-02 1.032854244112968445e-02 1.142661366611719131e-02 1.352468825643882155e-04 2.930327318608760834e-04 4.459070623852312565e-04 1.596556510776281357e-03
6.400000000000000000e+04 1.917691261041909456e-04 3.112058038823306561e-04 7.519025821238756180e-04 4.594259371515363455e-04 1.012744964100420475e-03 1.580696407472714782e-04 2.823041577357798815e-04 4.309164069127291441e-04 8.392458781599998474e-03 6.144339684396982193e-03 5.264904815703630447e-03 7.676469162106513977e-03 1.058982498943805695e-02 1.580696407472714782e-04 2.823041577357798815e-04 4.309164069127291441e-04 1.534631010144948959e-03
6.500000000000000000e+04 2.758479677140712738e-03 4.421706777065992355e-03 1.203288417309522629e-02 1.343872025609016418e-02 3.302979050204157829e-03 1.478821359341964126e-04 2.377824130235239863e-04 5.872788606211543083e-04 9.043609723448753357e-03 9.708561003208160400e-03 2.061522379517555237e-02 2.990579791367053986e-02 1.723339408636093140e-02 1.478821359341964126e-04 2.377824130235239863e-04 5.872788606211543083e-04 1.780232996679842472e-03
6.600000000000000000e+04 6.140490295365452766e-04 4.908890696242451668e-04 1.871656440198421478e-02 4.938983358442783356e-03 1.121745444834232330e-03 2.009473537327721715e-04 2.942445862572640181e-04 4.398948512971401215e-04 8.848639205098152161e-03 5.987253971397876740e-03 1.891373284161090851e-02 1.048207841813564301e-02 1.124282833188772202e-02 2.009473537327721715e-04 2.942445862572640181e-04 4.398948512971401215e-04 1.627693534828722477e-03
6.700000000000000000e+04 1.962052192538976669e-04 4.696013056673109531e-04 5.487384623847901821e-04 3.916642745025455952e-04 1.323710894212126732e-03 1.415562583133578300e-04 2.365746040595695376e-04 4.117856733500957489e-04 7.394788786768913269e-03 5.683769006282091141e-03 6.007747724652290344e-03 6.423374637961387634e-03 1.006459537893533707e-02 1.415562583133578300e-04 2.365746040595695376e-04 4.117856733500957489e-04 1.399829401634633541e-03
6.800000000000000000e+04 2.967924228869378567e-04 3.353885258547961712e-04 7.368925726041197777e-04 5.548228509724140167e-04 1.097447238862514496e-03 2.626565110404044390e-04 4.378766752779483795e-04 6.484580808319151402e-04 8.341744542121887207e-03 5.610457621514797211e-03 9.394195862114429474e-03 1.115504279732704163e-02 1.763768680393695831e-02 2.626565110404044390e-04 4.378766752779483795e-04 6.484580808319151402e-04 1.769428723491728306e-03
6.900000000000000000e+04 1.884089433588087559e-04 2.826440904755145311e-04 3.846343024633824825e-04 3.143510257359594107e-04 9.116443688981235027e-04 2.199181180913001299e-04 3.382833674550056458e-04 4.965085536241531372e-04 8.355428464710712433e-03 5.755903664976358414e-03 6.798982154577970505e-03 9.522278793156147003e-03 1.224055141210556030e-02 2.199181180913001299e-04 3.382833674550056458e-04 4.965085536241531372e-04 1.599031616933643818e-03
7.000000000000000000e+04 1.573182293213903904e-03 9.216148755513131618e-04 1.576055735349655151e-01 5.951815471053123474e-02 2.529791556298732758e-03 3.885501646436750889e-04 4.614885838236659765e-04 4.911687574349343777e-04 1.143996696919202805e-02 6.308407522737979889e-03 1.407940834760665894e-01 6.291881948709487915e-02 1.506724208593368530e-02 3.885501646436750889e-04 4.614885838236659765e-04 4.911687574349343777e-04 2.106967382133007050e-03
7.100000000000000000e+04 1.812683767639100552e-04 2.806880802381783724e-04 3.569535329006612301e-04 3.800835984293371439e-04 9.808042086660861969e-04 1.578495139256119728e-04 2.964393352158367634e-04 4.881189088337123394e-04 8.681758306920528412e-03 6.437567528337240219e-03 6.092321127653121948e-03 7.981079630553722382e-03 1.214645523577928543e-02 1.578495139256119728e-04 2.964393352158367634e-04 4.881189088337123394e-04 1.553246751427650452e-03
7.200000000000000000e+04 1.753143587848171592e-04 2.484531141817569733e-04 8.850300218909978867e-04 7.801653118804097176e-04 8.948637405410408974e-04 1.427041279384866357e-04 2.448627492412924767e-04 4.668473557103425264e-04 8.430651389062404633e-03 6.105115171521902084e-03 7.102028466761112213e-03 7.752628065645694733e-03 1.152195315808057785e-02 1.427041279384866357e-04 2.448627492412924767e-04 4.668473557103425264e-04 1.490599010139703751e-03
7.300000000000000000e+04 1.580866373842582107e-04 2.282196946907788515e-04 2.833019825629889965e-04 2.407781721558421850e-04 8.407301502302289009e-04 1.450330455554649234e-04 2.570218639448285103e-04 4.534350009635090828e-04 8.161312900483608246e-03 6.032849196344614029e-03 5.108646117150783539e-03 6.232540588825941086e-03 1.094666961580514908e-02 1.450330455554649234e-04 2.570218639448285103e-04 4.534350009635090828e-04 1.459248247556388378e-03
7.400000000000000000e+04 1.444386143703013659e-04 2.170738589484244585e-04 2.753845474217087030e-04 2.255392755614593625e-04 7.799015729688107967e-04 1.404829527018591762e-04 2.447821607347577810e-04 4.359537560958415270e-04 7.875332608819007874e-03 5.955056753009557724e-03 4.854120314121246338e-03 6.005975417792797089e-03 1.034336257725954056e-02 1.404829527018591762e-04 2.447821607347577810e-04 4.359537560958415270e-04 1.435816171579062939e-03
7.500000000000000000e+04 6.944203050807118416e-04 5.924308788962662220e-04 2.689867652952671051e-02 8.240624330937862396e-03 9.099892922677099705e-04 1.053832893376238644e-04 1.895298628369346261e-04 4.167481092736124992e-04 7.995467633008956909e-03 6.196549162268638611e-03 3.757577762007713318e-02 1.489810179919004440e-02 9.683651849627494812e-03 1.053832893376238644e-04 1.895298628369346261e-04 4.167481092736124992e-04 1.448571914806962013e-03
7.600000000000000000e+04 1.921236165799200535e-03 1.195146935060620308e-03 2.402418060228228569e-03 1.469162059947848320e-03 1.341539155691862106e-02 2.735977759584784508e-04 7.500043720938265324e-04 9.266732377000153065e-04 2.548213489353656769e-02 5.806143861263990402e-03 1.366600301116704941e-02 6.980556529015302658e-03 5.038803070783615112e-02 2.735977759584784508e-04 7.500043720938265324e-04 9.266732377000153065e-04 2.680147532373666763e-03
7.700000000000000000e+04 1.149311196058988571e-03 6.106673972681164742e-04 1.546098268590867519e-03 1.303984085097908974e-03 5.966773722320795059e-03 2.381705999141559005e-04 4.522006493061780930e-04 6.822537397965788841e-04 2.125605940818786621e-02 3.650548402220010757e-03 1.152153406292200089e-02 9.088531136512756348e-03 2.974257990717887878e-02 2.381705999141559005e-04 4.522006493061780930e-04 6.822537397965788841e-04 2.334725111722946167e-03
7.800000000000000000e+04 8.595948456786572933e-04 4.509306163527071476e-04 1.118898624554276466e-03 1.189259812235832214e-03 4.470050800591707230e-03 1.966776180779561400e-04 3.553207789082080126e-04 5.996091640554368496e-04 1.793937571346759796e-02 3.258782904595136642e-03 8.521957322955131531e-03 9.742155671119689941e-03 2.473036758601665497e-02 1.966776180779561400e-04 3.553207789082080126e-04 5.996091640554368496e-04 2.194126369431614876e-03
7.900000000000000000e+04 2.938097110018134117e-03 7.809034548699855804e-03 2.392820455133914948e-02 3.025929443538188934e-02 6.819150410592556000e-03 1.845945662353187799e-04 4.737254348583519459e-04 6.845631869509816170e-04 2.018776163458824158e-02 1.077686622738838196e-02 3.362018987536430359e-02 3.864369913935661316e-02 3.206470981240272522e-02 1.845945662353187799e-04 4.737254348583519459e-04 6.845631869509816170e-04 2.504134783521294594e-03
8.000000000000000000e+04 5.094006774015724659e-04 3.241272934246808290e-04 7.075643516145646572e-04 9.541555773466825485e-04 2.554032718762755394e-03 1.673954102443531156e-04 2.784687967505306005e-04 4.743173194583505392e-04 1.382035017013549805e-02 3.180796280503273010e-03 5.884722806513309479e-03 9.846433997154235840e-03 1.742987334728240967e-02 1.673954102443531156e-04 2.784687967505306005e-04 4.743173194583505392e-04 1.960190478712320328e-03
8.100000000000000000e+04 4.412003618199378252e-04 2.364231477258726954e-04 1.455350895412266254e-03 1.045554992742836475e-03 1.410680124536156654e-03 2.306988753844052553e-04 2.599419967737048864e-04 2.889118331950157881e-04 1.024635601788759232e-02 3.337658708915114403e-03 7.098211441189050674e-03 8.085943758487701416e-03 8.795901201665401459e-03 2.306988753844052553e-04 2.599419967737048864e-04 2.889118331950157881e-04 1.631505554541945457e-03
8.200000000000000000e+04 5.866625579074025154e-04 2.073575742542743683e-03 6.170678418129682541e-03 8.774186484515666962e-03 1.299124909564852715e-03 1.669225748628377914e-04 2.326453104615211487e-04 2.573366218712180853e-04 9.872065857052803040e-03 6.484225392341613770e-03 1.304197311401367188e-02 1.336192712187767029e-02 7.263952400535345078e-03 1.669225748628377914e-04 2.326453104615211487e-04 2.573366218712180853e-04 1.735332771204411983e-03
8.300000000000000000e+04 2.976321848109364510e-04 2.066511951852589846e-04 1.558208488859236240e-03 6.119220633991062641e-04 7.434652652591466904e-04 1.508435525465756655e-04 2.329768758499994874e-04 2.453690976835787296e-04 6.844795774668455124e-03 4.543869756162166595e-03 4.837175831198692322e-03 6.063623819500207901e-03 5.749395582824945450e-03 1.508435525465756655e-04 2.329768758499994874e-04 2.453690976835787296e-04 1.452202675864100456e-03
8.400000000000000000e+04 2.920186670962721109e-04 2.491506165824830532e-04 4.640331491827964783e-03 1.800084719434380531e-03 7.285602041520178318e-04 1.139319210778921843e-04 2.024785062531009316e-04 2.471056068316102028e-04 6.580209359526634216e-03 5.145967938005924225e-03 1.066304557025432587e-02 7.147065363824367523e-03 5.524445325136184692e-03 1.139319210778921843e-04 2.024785062531009316e-04 2.471056068316102028e-04 1.377184758894145489e-03
8.500000000000000000e+04 5.169822252355515957e-04 6.538518937304615974e-04 7.927354890853166580e-04 1.176365767605602741e-03 1.376580446958541870e-03 2.012213954003527761e-04 3.634484601207077503e-04 4.860992194153368473e-04 5.708674434572458267e-03 7.999795489013195038e-03 8.132396265864372253e-03 1.107069663703441620e-02 1.217953488230705261e-02 2.012213954003527761e-04 3.634484601207077503e-04 4.860992194153368473e-04 1.802501035854220390e-03
8.600000000000000000e+04 2.589157957118004560e-04 2.730314445216208696e-04 3.428180061746388674e-04 3.728226874954998493e-04 6.509468075819313526e-04 1.766974746715277433e-04 2.635297714732587337e-04 3.808359033428132534e-04 6.201720796525478363e-03 5.919669754803180695e-03 5.088409408926963806e-03 6.530938670039176941e-03 8.542808704078197479e-03 1.766974746715277433e-04 2.635297714732587337e-04 3.808359033428132534e-04 1.469949493184685707e-03
8.700000000000000000e+04 2.009059389820322394e-04 2.243214403279125690e-04 2.965730382129549980e-04 2.923624415416270494e-04 6.572321872226893902e-04 1.471462019253522158e-04 2.273448772029951215e-04 3.302804834675043821e-04 6.349007133394479752e-03 5.800607148557901382e-03 4.295556340366601944e-03 5.625152494758367538e-03 7.161157205700874329e-03 1.471462019253522158e-04 2.273448772029951215e-04 3.302804834675043821e-04 1.396194100379943848e-03
8.800000000000000000e+04 3.709955490194261074e-04 3.963185881730169058e-04 2.170873060822486877e-02 9.988584555685520172e-03 1.202863757498562336e-03 9.852593211689963937e-05 1.759752776706591249e-04 2.980040735565125942e-04 6.337744649499654770e-03 6.239121779799461365e-03 3.137494251132011414e-02 1.556646358221769333e-02 6.776490714401006699e-03 9.852593211689963937e-05 1.759752776706591249e-04 2.980040735565125942e-04 1.356140361167490482e-03
8.900000000000000000e+04 3.856915282085537910e-04 4.272697842679917812e-04 2.451159991323947906e-02 1.082778628915548325e-02 9.880964644253253937e-04 1.803345949156209826e-04 2.716436283662915230e-04 3.305539430584758520e-04 7.235404103994369507e-03 6.658125203102827072e-03 2.277340367436408997e-02 1.457935944199562073e-02 7.665115874260663986e-03 1.803345949156209826e-04 2.716436283662915230e-04 3.305539430584758520e-04 1.490811351686716080e-03
9.000000000000000000e+04 4.207043384667485952e-04 3.292180481366813183e-04 1.563161611557006836e-02 5.289070308208465576e-03 7.225112640298902988e-04 1.655818632571026683e-04 2.374467585468664765e-04 3.154111327603459358e-04 6.992374081164598465e-03 6.521822419017553329e-03 1.544851809740066528e-02 9.099903516471385956e-03 6.943088490515947342e-03 1.655818632571026683e-04 2.374467585468664765e-04 3.154111327603459358e-04 1.442141598090529442e-03
9.100000000000000000e+04 2.986322389915585518e-03 4.843908362090587616e-03 6.956182420253753662e-03 8.786954917013645172e-03 1.461966708302497864e-02 2.194797270931303501e-04 1.657564425840973854e-04 2.407021820545196533e-04 7.673719432204961777e-03 1.109739206731319427e-02 2.019414491951465607e-02 1.712648011744022369e-02 1.655254140496253967e-02 2.194797270931303501e-04 1.657564425840973854e-04 2.407021820545196533e-04 1.567245111800730228e-03
9.200000000000000000e+04 2.620845043566077948e-04 3.392999060451984406e-04 1.396505907177925110e-02 5.925294011831283569e-03 9.299719240516424179e-04 9.829070040723308921e-05 1.650191115913912654e-04 2.869417949113994837e-04 6.252713035792112350e-03 6.672810297459363937e-03 2.210531011223793030e-02 1.069201435893774033e-02 6.094977259635925293e-03 9.829070040723308921e-05 1.650191115913912654e-04 2.869417949113994837e-04 1.258144155144691467e-03
9.300000000000000000e+04 1.212289935210719705e-04 1.787848304957151413e-04 2.588421048130840063e-04 2.031594776781275868e-04 6.170969572849571705e-04 1.370480604236945510e-04 2.046228910330682993e-04 3.545861982274800539e-04 5.918581970036029816e-03 5.562319420278072357e-03 3.673705272376537323e-03 4.764096811413764954e-03 7.364947348833084106e-03 1.370480604236945510e-04 2.046228910330682993e-04 3.545861982274800539e-04 1.342186587862670422e-03
9.400000000000000000e+04 1.678395929047837853e-04 1.892149011837318540e-04 1.596648711711168289e-03 5.349308485165238380e-04 6.600259221158921719e-04 1.115963241318240762e-04 1.902570074889808893e-04 3.173140576109290123e-04 6.436941213905811310e-03 6.445296108722686768e-03 6.057608872652053833e-03 4.611418582499027252e-03 6.525831297039985657e-03 1.115963241318240762e-04 1.902570074889808893e-04 3.173140576109290123e-04 1.296186819672584534e-03
9.500000000000000000e+04 1.312788954237475991e-04 1.707838237052783370e-04 3.505986242089420557e-04 2.049213799182325602e-04 6.134156719781458378e-04 1.180571489385329187e-04 2.012955083046108484e-04 3.305470163468271494e-04 6.330520845949649811e-03 6.721207872033119202e-03 3.861339064314961433e-03 3.723488189280033112e-03 6.813804619014263153e-03 1.180571489385329187e-04 2.012955083046108484e-04 3.305470163468271494e-04 1.273968024179339409e-03
9.600000000000000000e+04 3.924836516380310059e-01 1.303824782371520996e+00 5.214885234832763672e+00 3.696202039718627930e+00 8.076448440551757812e-01 2.905477769672870636e-03 2.028116956353187561e-02 7.840047590434551239e-03 5.016758441925048828e-01 1.629132866859436035e+00 4.939898967742919922e+00 3.836550235748291016e+00 1.098446249961853027e+00 2.905477769672870636e-03 2.028116956353187561e-02 7.840047590434551239e-03 2.400675974786281586e-02
9.700000000000000000e+04 3.229198046028614044e-04 2.854976628441363573e-04 6.617319304496049881e-04 3.707858559209853411e-04 8.579592686146497726e-04 1.957671047421172261e-04 3.472031385172158480e-04 4.375815333332866430e-04 6.405355874449014664e-03 8.198759518563747406e-03 7.803875487297773361e-03 3.226941218599677086e-03 1.014953479170799255e-02 1.957671047421172261e-04 3.472031385172158480e-04 4.375815333332866430e-04 1.422368572093546391e-03
9.800000000000000000e+04 1.411941921105608344e-04 1.787871442502364516e-04 4.282560548745095730e-04 2.881010586861521006e-04 7.284206221811473370e-04 1.680942368693649769e-04 2.584942849352955818e-04 3.700031084008514881e-04 6.116061005741357803e-03 7.067779544740915298e-03 5.796151701360940933e-03 3.320443676784634590e-03 7.984586060047149658e-03 1.680942368693649769e-04 2.584942849352955818e-04 3.700031084008514881e-04 1.297164824791252613e-03
9.900000000000000000e+04 1.170806935988366604e-04 1.570556050864979625e-04 2.955129020847380161e-04 1.995504717342555523e-04 6.215943139977753162e-04 1.435256126569584012e-04 2.081950951833277941e-04 3.200174833182245493e-04 5.936052650213241577e-03 6.743053440004587173e-03 4.593801219016313553e-03 3.179310122504830360e-03 6.456229370087385178e-03 1.435256126569584012e-04 2.081950951833277941e-04 3.200174833182245493e-04 1.234492752701044083e-03
1.000000000000000000e+05 1.363173505524173379e-04 1.538522628834471107e-04 1.435951562598347664e-03 6.202733493410050869e-04 6.486339843831956387e-04 1.371990947518497705e-04 2.103960869135335088e-04 3.176866448484361172e-04 6.206475663930177689e-03 6.692382507026195526e-03 4.593119025230407715e-03 3.482504282146692276e-03 6.441079545766115189e-03 1.371990947518497705e-04 2.103960869135335088e-04 3.176866448484361172e-04 1.239896169863641262e-03
1.010000000000000000e+05 3.682425594888627529e-04 5.089065525680780411e-04 6.969978101551532745e-03 8.910601027309894562e-03 1.917557325214147568e-03 1.385775831295177341e-04 2.531810023356229067e-04 2.879205858334898949e-04 5.729218013584613800e-03 7.197717204689979553e-03 1.058852020651102066e-02 1.157945580780506134e-02 6.715510506182909012e-03 1.385775831295177341e-04 2.531810023356229067e-04 2.879205858334898949e-04 1.181708066724240780e-03
